1000 15.48 18 42.463 18 14.498 17 14.338 21 29.844 21 10.004
1000 15.48 18 42.463 18 14.498 17 14.518 19 29.326 19 9.731
1000 15.48 18 42.463 18 14.498 17 14.36 21 29.361 21 10.02
1000 15.48 18 42.463 18 14.498 17 14.286 21 30.169 21 9.726
1000 15.48 18 42.463 18 14.498 17 14.27 21 30.194 21 10.216
1000 15.48 18 42.463 18 14.498 17 14.54 29 29.505 29 10.413
1000 15.48 18 42.463 18 14.498 17 14.388 23 30.052 23 10.472
1000 15.48 18 42.463 18 14.498 17 14.406 31 29.999 31 10.215
1000 15.48 18 42.463 18 14.498 17 14.314 27 30.272 27 10.094
1000 15.48 18 42.463 18 14.498 17 14.448 23 29.792 23 10.29
1000 15.48 18 42.463 18 14.498 17 14.492 25 29.752 25 9.719
1000 15.48 18 42.463 18 14.498 17 14.248 21 30.18 21 10.014
1000 15.48 18 42.463 18 14.498 17 14.42 21 29.498 21 9.831
1000 15.48 18 42.463 18 14.498 17 14.496 21 29.035 21 10.111
1000 15.48 18 42.463 18 14.498 17 14.392 21 29.614 21 9.819
1000 15.48 18 42.463 18 14.498 17 14.464 21 29.217 21 9.897
1000 15.48 18 42.463 18 14.498 17 14.434 19 29.638 19 9.677
1000 15.48 18 42.463 18 14.498 17 14.284 25 29.974 25 10.006
1000 15.48 18 42.463 18 14.498 17 14.37 23 30.177 23 9.862
1000 15.48 18 42.463 18 14.498 17 14.3 21 29.905 21 10.215
2000 17.462 20 44.675 20 16.472 19 16.289 25 30.36 25 10.7735
2000 17.462 20 44.675 20 16.472 19 16.32 23 30.5935 23 10.928
2000 17.462 20 44.675 20 16.472 19 16.345 25 30.744 25 10.8235
2000 17.462 20 44.675 20 16.472 19 16.404 23 30.662 23 11.117
2000 17.462 20 44.675 20 16.472 19 16.274 25 30.954 25 11.1375
2000 17.462 20 44.675 20 16.472 19 16.351 27 30.487 27 11.0315
2000 17.462 20 44.675 20 16.472 19 16.411 23 30.4005 23 11.0185
2000 17.462 20 44.675 20 16.472 19 16.307 23 31.069 23 11.1565
2000 17.462 20 44.675 20 16.472 19 16.337 29 30.623 29 10.8405
2000 17.462 20 44.675 20 16.472 19 16.421 25 30.3695 25 11.658
2000 17.462 20 44.675 20 16.472 19 16.303 25 30.908 25 11.103
2000 17.462 20 44.675 20 16.472 19 16.374 25 30.544 25 11.0965
2000 17.462 20 44.675 20 16.472 19 16.273 23 30.8435 23 10.7815
2000 17.462 20 44.675 20 16.472 19 16.383 27 30.8095 27 11.4455
2000 17.462 20 44.675 20 16.472 19 16.331 35 30.889 35 10.869
2000 17.462 20 44.675 20 16.472 19 16.12 25 31.329 25 11.495
2000 17.462 20 44.675 20 16.472 19 16.329 33 30.8405 33 11.0265
2000 17.462 20 44.675 20 16.472 19 16.359 29 30.9435 29 11.555
2000 17.462 20 44.675 20 16.472 19 16.401 25 30.3155 25 10.9465
2000 17.462 20 44.675 20 16.472 19 16.366 27 30.7175 27 11.5685
3000 18.626 21 45.9203 21 17.633 20 17.5447 33 31.643 33 11.8703
3000 18.626 21 45.9203 21 17.633 20 17.72 25 30.9473 25 11.8827
3000 18.626 21 45.9203 21 17.633 20 17.6453 27 31.373 27 12.0247
3000 18.626 21 45.9203 21 17.633 20 17.656 27 31.466 27 12.1133
3000 18.626 21 45.9203 21 17.633 20 17.6913 27 31.182 27 12.0393
3000 18.626 21 45.9203 21 17.633 20 17.63 29 31.2247 29 12.1987
3000 18.626 21 45.9203 21 17.633 20 17.584 27 31.4823 27 11.9253
3000 18.626 21 45.9203 21 17.633 20 17.586 29 31.5823 29 11.9063
3000 18.626 21 45.9203 21 17.633 20 17.576 31 31.4677 31 12.1533
3000 18.626 21 45.9203 21 17.633 20 17.7367 27 30.9647 27 11.9837
3000 18.626 21 45.9203 21 17.633 20 17.7187 27 31.0233 27 12.5933
3000 18.626 21 45.9203 21 17.633 20 17.6053 25 31.602 25 12.325
3000 18.626 21 45.9203 21 17.633 20 17.6353 31 31.572 31 12.3237
3000 18.626 21 45.9203 21 17.633 20 17.4573 25 32.0153 25 12.1447
3000 18.626 21 45.9203 21 17.633 20 17.6693 27 31.2743 27 12.0297
3000 18.626 21 45.9203 21 17.633 20 17.6373 25 31.1247 25 11.8213
3000 18.626 21 45.9203 21 17.633 20 17.6533 25 31.2503 25 12.4333
3000 18.626 21 45.9203 21 17.633 20 17.634 23 31.1847 23 11.995
3000 18.626 21 45.9203 21 17.633 20 17.5747 25 31.4767 25 12.0433
3000 18.626 21 45.9203 21 17.633 20 17.674 25 31.407 25 12.3787
4000 19.452 22 46.7943 22 18.4575 21 18.38 27 31.8215 27 12.2113
4000 19.452 22 46.7943 22 18.4575 21 18.3565 29 31.7418 29 12.01
4000 19.452 22 46.7943 22 18.4575 21 18.3005 29 31.887 29 11.9415
4000 19.452 22 46.7943 22 18.4575 21 18.284 25 31.9548 25 12.2293
4000 19.452 22 46.7943 22 18.4575 21 18.27 33 32.089 33 12.3958
4000 19.452 22 46.7943 22 18.4575 21 18.2935 23 31.757 23 12.2485
4000 19.452 22 46.7943 22 18.4575 21 18.299 31 31.6603 31 12.463
4000 19.452 22 46.7943 22 18.4575 21 18.2995 29 31.8493 29 12.4028
4000 19.452 22 46.7943 22 18.4575 21 18.2995 25 31.5553 25 12.1373
4000 19.452 22 46.7943 22 18.4575 21 18.3195 35 31.6425 35 12.159
4000 19.452 22 46.7943 22 18.4575 21 18.411 29 31.3945 29 12.29
4000 19.452 22 46.7943 22 18.4575 21 18.3025 25 31.445 25 12.0925
4000 19.452 22 46.7943 22 18.4575 21 18.3415 29 32.12 29 11.8325
4000 19.452 22 46.7943 22 18.4575 21 18.2505 27 31.9608 27 12.4488
4000 19.452 22 46.7943 22 18.4575 21 18.2725 27 31.8875 27 12.0158
4000 19.452 22 46.7943 22 18.4575 21 18.267 27 32.0345 27 12.0355
4000 19.452 22 46.7943 22 18.4575 21 18.284 27 31.809 27 12.774
4000 19.452 22 46.7943 22 18.4575 21 18.378 31 31.4648 31 12.316
4000 19.452 22 46.7943 22 18.4575 21 18.324 27 31.6043 27 12.3818
4000 19.452 22 46.7943 22 18.4575 21 18.298 27 31.7365 27 12.1463
5000 20.1428 23 47.5112 23 19.1474 22 19.0668 27 32.3068 27 12.9586
5000 20.1428 23 47.5112 23 19.1474 22 19.0352 35 32.2808 35 12.5836
5000 20.1428 23 47.5112 23 19.1474 22 19.0984 27 32.1738 27 13.071
5000 20.1428 23 47.5112 23 19.1474 22 19.0688 27 32.1638 27 12.9698
5000 20.1428 23 47.5112 23 19.1474 22 19.0816 27 31.987 27 13.1232
5000 20.1428 23 47.5112 23 19.1474 22 19.0472 27 32.1476 27 13.0292
5000 20.1428 23 47.5112 23 19.1474 22 19.052 31 32.242 31 13.0766
5000 20.1428 23 47.5112 23 19.1474 22 19.0596 27 32.145 27 13.0368
5000 20.1428 23 47.5112 23 19.1474 22 19.1148 29 32.0078 29 13.4014
5000 20.1428 23 47.5112 23 19.1474 22 19.0036 31 32.3166 31 13.0418
5000 20.1428 23 47.5112 23 19.1474 22 19.0548 33 32.0276 33 12.9838
5000 20.1428 23 47.5112 23 19.1474 22 18.998 27 32.378 27 13.0116
5000 20.1428 23 47.5112 23 19.1474 22 19.0724 31 32.2354 31 14.128
5000 20.1428 23 47.5112 23 19.1474 22 19.1264 29 31.9698 29 13.0818
5000 20.1428 23 47.5112 23 19.1474 22 19.0712 33 32.003 33 13.3606
5000 20.1428 23 47.5112 23 19.1474 22 19.0076 31 32.253 31 12.923
5000 20.1428 23 47.5112 23 19.1474 22 19.104 29 32.1554 29 13.3428
5000 20.1428 23 47.5112 23 19.1474 22 19.0708 29 32.4104 29 13.507
5000 20.1428 23 47.5112 23 19.1474 22 19.1024 29 32.008 29 13.347
5000 20.1428 23 47.5112 23 19.1474 22 19.0696 25 31.8902 25 12.9002
6000 20.619 23 48.0067 23 19.6228 22 19.683 29 32.3497 29 13.1773
6000 20.619 23 48.0067 23 19.6228 22 19.6147 27 32.4453 27 13.2052
6000 20.619 23 48.0067 23 19.6228 22 19.5317 29 32.4242 29 13.0047
6000 20.619 23 48.0067 23 19.6228 22 19.6367 31 32.4137 31 13.2208
6000 20.619 23 48.0067 23 19.6228 22 19.5887 31 32.2967 31 13.231
6000 20.619 23 48.0067 23 19.6228 22 19.5963 27 32.4318 27 13.2152
6000 20.619 23 48.0067 23 19.6228 22 19.681 27 32.1265 27 13.1797
6000 20.619 23 48.0067 23 19.6228 22 19.588 27 32.4612 27 13.3487
6000 20.619 23 48.0067 23 19.6228 22 19.6007 27 32.5087 27 13.4293
6000 20.619 23 48.0067 23 19.6228 22 19.5657 27 32.5055 27 13.1342
6000 20.619 23 48.0067 23 19.6228 22 19.6387 31 32.5955 31 13.517
6000 20.619 23 48.0067 23 19.6228 22 19.5423 29 32.3835 29 13.4162
6000 20.619 23 48.0067 23 19.6228 22 19.5667 33 32.7045 33 13.0043
6000 20.619 23 48.0067 23 19.6228 22 19.5707 31 32.666 31 13.4275
6000 20.619 23 48.0067 23 19.6228 22 19.6163 31 32.4838 31 13.2182
6000 20.619 23 48.0067 23 19.6228 22 19.5797 37 32.4282 37 12.7928
6000 20.619 23 48.0067 23 19.6228 22 19.5827 29 32.3893 29 13.3722
6000 20.619 23 48.0067 23 19.6228 22 19.5713 29 32.4175 29 13.4765
6000 20.619 23 48.0067 23 19.6228 22 19.591 31 32.4242 31 13.1482
6000 20.619 23 48.0067 23 19.6228 22 19.5777 29 32.6162 29 13.579
7000 21.0817 24 48.4824 24 20.0851 23 20.0097 31 32.6934 31 13.693
7000 21.0817 24 48.4824 24 20.0851 23 19.998 29 32.8229 29 13.1714
7000 21.0817 24 48.4824 24 20.0851 23 19.9554 27 32.9574 27 13.244
7000 21.0817 24 48.4824 24 20.0851 23 19.978 29 32.7713 29 13.2099
7000 21.0817 24 48.4824 24 20.0851 23 19.9717 29 32.6754 29 13.0603
7000 21.0817 24 48.4824 24 20.0851 23 19.9714 33 32.6973 33 13.18
7000 21.0817 24 48.4824 24 20.0851 23 20.1086 31 32.8336 31 13.7827
7000 21.0817 24 48.4824 24 20.0851 23 20.0409 31 32.4666 31 13.6756
7000 21.0817 24 48.4824 24 20.0851 23 20.0591 29 32.3847 29 13.1144
7000 21.0817 24 48.4824 24 20.0851 23 19.9843 27 32.69 27 13.1274
7000 21.0817 24 48.4824 24 20.0851 23 20.2346 29 32.4373 29 14.0569
7000 21.0817 24 48.4824 24 20.0851 23 20.1374 31 32.5376 31 14.1243
7000 21.0817 24 48.4824 24 20.0851 23 20.036 31 32.4453 31 13.3736
7000 21.0817 24 48.4824 24 20.0851 23 20.0229 27 32.8613 27 13.2221
7000 21.0817 24 48.4824 24 20.0851 23 20.0743 31 32.485 31 13.762
7000 21.0817 24 48.4824 24 20.0851 23 19.9654 33 32.86 33 13.5124
7000 21.0817 24 48.4824 24 20.0851 23 19.9463 33 32.8159 33 13.5196
7000 21.0817 24 48.4824 24 20.0851 23 20.0703 33 32.7059 33 13.6619
7000 21.0817 24 48.4824 24 20.0851 23 20.0154 35 32.4731 35 12.9737
7000 21.0817 24 48.4824 24 20.0851 23 20.0623 31 32.4499 31 13.1344
8000 21.4465 24 48.8605 24 20.4495 23 20.3595 27 32.8856 27 13.4113
8000 21.4465 24 48.8605 24 20.4495 23 20.232 31 32.9644 31 13.6621
8000 21.4465 24 48.8605 24 20.4495 23 20.3147 27 32.6629 27 13.2794
8000 21.4465 24 48.8605 24 20.4495 23 20.3102 33 32.5989 33 13.3916
8000 21.4465 24 48.8605 24 20.4495 23 20.3027 31 32.703 31 13.293
8000 21.4465 24 48.8605 24 20.4495 23 20.3547 33 32.6762 33 13.2069
8000 21.4465 24 48.8605 24 20.4495 23 20.2832 27 32.8172 27 13.4374
8000 21.4465 24 48.8605 24 20.4495 23 20.242 33 32.928 33 14.0329
8000 21.4465 24 48.8605 24 20.4495 23 20.3017 29 32.6292 29 13.1596
8000 21.4465 24 48.8605 24 20.4495 23 20.3515 33 32.5161 33 13.5946
8000 21.4465 24 48.8605 24 20.4495 23 20.3147 29 32.7444 29 13.294
8000 21.4465 24 48.8605 24 20.4495 23 20.2912 27 32.9112 27 13.2274
8000 21.4465 24 48.8605 24 20.4495 23 20.331 29 32.7069 29 13.6381
8000 21.4465 24 48.8605 24 20.4495 23 20.2982 29 32.8451 29 13.3089
8000 21.4465 24 48.8605 24 20.4495 23 20.3405 31 32.607 31 13.54
8000 21.4465 24 48.8605 24 20.4495 23 20.3115 29 32.7132 29 13.4514
8000 21.4465 24 48.8605 24 20.4495 23 20.3032 37 32.6679 37 13.6649
8000 21.4465 24 48.8605 24 20.4495 23 20.3367 29 32.5085 29 13.7983
8000 21.4465 24 48.8605 24 20.4495 23 20.3462 29 32.5704 29 13.2673
8000 21.4465 24 48.8605 24 20.4495 23 20.3415 29 32.7909 29 14.1509
9000 21.8202 25 49.2408 25 20.823 24 20.7147 33 32.9319 33 14.4876
9000 21.8202 25 49.2408 25 20.823 24 20.6513 31 33.1079 31 14.2257
9000 21.8202 25 49.2408 25 20.823 24 20.6196 29 33.4767 29 14.15
9000 21.8202 25 49.2408 25 20.823 24 20.6796 37 33.0527 37 14.2479
9000 21.8202 25 49.2408 25 20.823 24 20.7384 29 32.8496 29 14.2651
9000 21.8202 25 49.2408 25 20.823 24 20.6709 33 32.9624 33 14.3146
9000 21.8202 25 49.2408 25 20.823 24 20.7116 31 32.8022 31 14.2608
9000 21.8202 25 49.2408 25 20.823 24 20.6364 33 32.9893 33 13.8994
9000 21.8202 25 49.2408 25 20.823 24 20.6842 33 33.0001 33 13.9388
9000 21.8202 25 49.2408 25 20.823 24 20.6753 31 33.0293 31 14.2627
9000 21.8202 25 49.2408 25 20.823 24 20.7138 29 32.8548 29 13.8207
9000 21.8202 25 49.2408 25 20.823 24 20.7278 29 33.0447 29 14.1249
9000 21.8202 25 49.2408 25 20.823 24 20.718 29 33.0111 29 14.0897
9000 21.8202 25 49.2408 25 20.823 24 20.7584 27 32.8501 27 13.9956
9000 21.8202 25 49.2408 25 20.823 24 20.7044 27 33.2176 27 14.0472
9000 21.8202 25 49.2408 25 20.823 24 20.7176 27 33.1891 27 13.7498
9000 21.8202 25 49.2408 25 20.823 24 20.7422 29 32.8763 29 14.0324
9000 21.8202 25 49.2408 25 20.823 24 20.606 31 33.2779 31 14.2056
9000 21.8202 25 49.2408 25 20.823 24 20.7189 27 33.2064 27 13.7506
9000 21.8202 25 49.2408 25 20.823 24 20.8309 31 32.8624 31 13.9576
10000 22.1382 25 49.5667 25 21.1407 24 21.0202 29 33.1577 29 14.3669
10000 22.1382 25 49.5667 25 21.1407 24 20.997 31 33.4195 31 14.3303
10000 22.1382 25 49.5667 25 21.1407 24 21.0848 31 33.0498 31 14.7142
10000 22.1382 25 49.5667 25 21.1407 24 21.0514 29 33.0416 29 14.1606
10000 22.1382 25 49.5667 25 21.1407 24 21.0346 29 33.234 29 13.9519
10000 22.1382 25 49.5667 25 21.1407 24 21.064 31 33.1091 31 14.1899
10000 22.1382 25 49.5667 25 21.1407 24 21.0256 35 33.2075 35 14.1662
10000 22.1382 25 49.5667 25 21.1407 24 21.1078 31 33.0204 31 14.0271
10000 22.1382 25 49.5667 25 21.1407 24 21.0324 29 33.1915 29 14.1527
10000 22.1382 25 49.5667 25 21.1407 24 21.0354 31 33.0556 31 14.4266
10000 22.1382 25 49.5667 25 21.1407 24 21.056 33 33.1433 33 14.3144
10000 22.1382 25 49.5667 25 21.1407 24 21.1064 31 32.9984 31 14.2721
10000 22.1382 25 49.5667 25 21.1407 24 21.065 31 33.3013 31 14.9819
10000 22.1382 25 49.5667 25 21.1407 24 21.123 31 33.1525 31 14.8406
10000 22.1382 25 49.5667 25 21.1407 24 21.1146 31 33.1145 31 14.8447
10000 22.1382 25 49.5667 25 21.1407 24 21.0812 31 33.1547 31 14.9152
10000 22.1382 25 49.5667 25 21.1407 24 21.077 37 33.0763 37 14.0849
10000 22.1382 25 49.5667 25 21.1407 24 21.0736 31 33.0417 31 14.1266
10000 22.1382 25 49.5667 25 21.1407 24 21.0348 31 33.1804 31 14.0687
10000 22.1382 25 49.5667 25 21.1407 24 21.103 35 33.1033 35 14.3122
