1000 9.801 13 24.169 13 10.735 12 14.516 23 29.214 23 10.702
1000 9.811 13 24.281 13 10.65 12 14.732 23 28.861 23 10.448
1000 9.736 13 23.445 13 10.427 12 14.566 23 28.439 23 10.521
1000 9.753 13 24.027 13 10.453 12 14.536 23 29.631 23 10.705
1000 9.761 13 24.346 13 10.478 12 14.494 23 29.907 23 10.741
1000 9.747 13 24.261 13 10.431 12 14.57 23 29.137 23 10.515
1000 9.722 13 23.864 13 10.462 12 14.502 23 29.329 23 10.678
1000 9.711 13 23.644 13 10.472 12 14.638 23 28.533 23 10.644
1000 9.73 13 23.928 13 10.45 12 14.544 23 29.461 23 10.695
1000 9.792 13 24.443 13 10.452 12 14.572 23 29.688 23 10.883
1000 9.758 13 23.998 13 10.498 12 14.582 23 28.511 23 10.638
1000 9.743 13 23.253 13 10.574 13 14.544 23 29.415 23 11.148
1000 9.823 13 24.208 13 10.544 12 14.452 23 28.748 23 10.602
1000 9.718 13 23.416 13 10.589 12 14.754 23 29.173 23 10.726
1000 9.763 13 24.239 13 10.408 12 14.628 23 28.885 23 10.458
1000 9.824 13 24.326 13 10.566 12 14.746 23 29.147 23 10.693
1000 9.727 13 23.7 13 10.348 12 14.528 23 28.949 23 10.709
1000 9.758 13 23.83 13 10.623 12 14.464 23 29.282 23 10.815
1000 9.747 13 23.764 13 10.479 13 14.686 23 29.294 23 10.728
1000 9.832 13 24.442 13 10.482 12 14.736 23 29.176 23 10.686
2000 10.811 14 25.5795 14 11.667 13 16.514 25 30.2665 25 11.8525
2000 10.7605 14 25.1395 14 11.641 13 16.534 25 30.1355 25 11.5735
2000 10.77 14 25.1905 14 11.671 13 16.529 25 30.5885 25 11.845
2000 10.8265 14 24.928 14 11.905 14 16.675 27 30.1505 27 12.2165
2000 10.772 14 25.424 14 11.597 13 16.508 25 30.6785 25 12.0035
2000 10.881 14 25.8415 14 11.8045 13 16.729 25 30.24 25 11.8705
2000 10.7525 14 24.9965 14 11.6505 13 16.504 25 30.0065 25 11.6845
2000 10.7225 14 24.8715 14 11.537 13 16.533 25 29.985 25 11.7085
2000 10.7765 14 25.516 14 11.661 14 16.5 27 30.1655 27 11.658
2000 10.74 14 25.0925 14 11.623 14 16.482 25 30.1445 25 12.0905
2000 10.873 15 25.272 15 11.9425 14 16.582 27 30.7365 27 12.1365
2000 10.77 14 25.3435 14 11.656 13 16.641 25 29.9475 25 11.7815
2000 10.765 14 25.2695 14 11.653 13 16.491 25 29.929 25 11.577
2000 10.821 14 25.47 14 11.8745 14 16.719 25 30.521 25 12.0305
2000 10.743 14 24.822 14 11.618 13 16.517 25 29.7725 25 11.7785
2000 10.787 14 25.097 14 11.86 14 16.573 25 30.386 25 12.012
2000 10.8265 14 25.1905 14 11.721 13 16.683 25 30.3335 25 12.0645
2000 10.797 14 25.0875 14 11.6655 13 16.598 25 30.1025 25 11.682
2000 10.8135 14 25.289 14 11.846 14 16.546 25 30.512 25 12.141
2000 10.7555 14 25.2595 14 11.6005 13 16.558 25 30.0595 25 11.7505
3000 11.3933 15 25.676 15 12.6463 14 17.9567 27 30.8813 27 12.6967
3000 11.44 15 25.781 15 12.6363 14 18.0007 27 30.876 27 12.873
3000 11.3677 15 25.7523 15 12.4283 14 17.7233 27 30.872 27 12.687
3000 11.389 15 25.9657 15 12.524 14 17.8267 27 30.2767 27 12.5247
3000 11.4013 15 25.8487 15 12.4433 14 17.7707 27 31.0177 27 12.657
3000 11.3427 15 25.2967 15 12.4343 14 17.8107 27 30.747 27 12.585
3000 11.3863 15 25.915 15 12.4667 14 17.7153 27 31.242 27 12.6123
3000 11.3797 15 25.8217 15 12.4003 14 17.6727 27 30.889 27 12.783
3000 11.4363 15 25.6897 15 12.6187 14 17.796 27 30.9207 27 12.6077
3000 11.428 15 25.8493 15 12.6313 14 17.912 27 30.5257 27 12.84
3000 11.3723 15 25.951 15 12.4057 14 17.678 27 30.9533 27 12.68
3000 11.4423 15 25.8983 15 12.7 15 17.874 29 30.8027 29 12.9543
3000 11.4323 15 25.8927 15 12.6937 14 17.7053 27 30.9203 27 12.898
3000 11.3513 15 25.492 15 12.4103 14 17.6813 27 30.5273 27 12.683
3000 11.3913 15 25.963 15 12.5563 14 17.7693 27 30.7237 27 12.6467
3000 11.3743 15 25.917 15 12.4083 14 17.8607 27 30.5197 27 12.532
3000 11.353 15 25.4627 15 12.4263 14 17.7553 27 30.675 27 12.7227
3000 11.3997 15 25.791 15 12.5353 14 17.8187 27 31.044 27 12.5323
3000 11.4 15 25.8227 15 12.4743 14 17.72 27 30.9093 27 12.8613
3000 11.343 15 25.4547 15 12.3917 14 17.7473 27 30.4847 27 12.6423
4000 11.7733 16 26.3595 16 12.9458 15 18.567 29 31.173 29 13.318
4000 11.794 15 26.2523 15 12.74 15 18.5845 29 31.182 29 13.1415
4000 11.8275 15 26.5378 15 12.9555 15 18.5695 27 31.4488 27 13.27
4000 11.826 15 26.329 15 13.0998 15 18.7005 29 31.0553 29 13.559
4000 11.8143 16 26.331 16 13.0353 15 18.702 29 30.8675 29 13.2645
4000 11.8083 15 26.0898 15 12.892 15 18.478 27 31.347 27 13.1057
4000 11.798 15 26.0718 15 12.9738 15 18.6735 27 30.8943 27 13.3232
4000 11.766 15 25.9958 15 12.7038 14 18.5685 27 31.0508 27 12.9232
4000 11.7818 15 25.8943 15 13.128 15 18.6535 29 31.2938 29 13.6655
4000 11.8103 16 26.1548 16 12.94 15 18.545 29 31.3973 29 13.4558
4000 11.8578 16 26.4643 16 12.9395 15 18.6865 29 30.8865 29 13.2185
4000 11.8435 15 26.1965 15 13.0115 15 18.5505 29 31.6483 29 13.2555
4000 11.8425 16 26.355 16 13.093 15 18.6595 29 31.0948 29 13.5198
4000 11.8045 15 26.003 15 12.928 15 18.719 27 30.985 27 13.246
4000 11.8085 16 26.269 16 13.0553 15 18.5275 29 31.243 29 13.0652
4000 11.8205 15 26.397 15 12.8615 14 18.51 27 31.0763 27 12.888
4000 11.827 15 26.3093 15 12.9208 15 18.506 27 31.512 27 13.0935
4000 11.901 16 26.4853 16 13.1663 15 18.741 29 31.5058 29 13.4005
4000 11.8238 15 26.2638 15 12.9198 14 18.6215 27 31.0483 27 13.1065
4000 11.8013 15 26.2313 15 13.0613 15 18.6155 29 31.0063 29 13.0885
5000 12.1112 16 26.5346 16 13.2492 15 19.1524 29 31.946 29 13.6722
5000 12.1066 16 26.4284 16 13.4382 15 19.252 29 31.6178 29 13.6702
5000 12.1316 16 26.5708 16 13.2552 15 19.2572 29 31.5684 29 13.672
5000 12.2034 16 26.5154 16 13.512 15 19.4092 29 31.5062 29 13.6996
5000 12.1202 16 26.5618 16 13.2604 15 19.2336 29 31.6136 29 13.4324
5000 12.1714 16 26.6638 16 13.5176 15 19.2828 29 31.6166 29 13.7506
5000 12.1268 16 26.739 16 13.1818 15 19.2528 29 31.3548 29 13.6996
5000 12.1608 16 26.4682 16 13.485 15 19.3316 29 31.922 29 13.8114
5000 12.087 16 26.1354 16 13.1878 15 19.2088 29 31.372 29 13.4886
5000 12.1202 16 26.5442 16 13.4038 15 19.3536 29 31.3516 29 13.525
5000 12.1974 16 26.7918 16 13.4786 15 19.3012 29 31.7216 29 13.6346
5000 12.1534 16 26.421 16 13.5 15 19.2252 29 31.742 29 13.7986
5000 12.1142 16 26.4148 16 13.1938 15 19.2464 29 31.3434 29 13.504
5000 12.1484 16 26.2608 16 13.3148 15 19.3332 29 31.264 29 13.6834
5000 12.153 15 27.0126 15 13.236 15 19.2836 29 31.7636 29 13.7542
5000 12.0774 16 26.452 16 13.14 15 19.1732 29 31.9038 29 13.4324
5000 12.1208 16 26.5234 16 13.22 15 19.2864 29 31.4954 29 13.6636
5000 12.1136 16 26.3736 16 13.3934 15 19.31 29 31.502 29 13.6362
5000 12.145 16 26.591 16 13.5078 15 19.4332 29 31.41 29 13.7908
5000 12.0878 16 26.3832 16 13.169 15 19.2288 29 31.4434 29 13.6358
6000 12.427 16 26.9487 16 13.674 15 19.925 29 31.7977 29 13.7717
6000 12.4145 17 26.6892 17 13.6878 16 19.811 29 31.7273 29 14.142
6000 12.3672 16 26.9423 16 13.4115 15 19.7073 29 31.7483 29 13.6792
6000 12.4337 17 26.9738 17 13.8923 16 19.7943 31 32.122 31 14.204
6000 12.3975 16 26.8895 16 13.5843 15 19.7493 29 31.8155 29 13.6807
6000 12.3912 16 26.7913 16 13.5657 15 19.7283 29 31.8828 29 13.9363
6000 12.414 16 26.8602 16 13.7145 15 19.8443 29 31.7032 29 13.8972
6000 12.4037 16 26.9967 16 13.5955 15 19.691 29 31.9235 29 13.8682
6000 12.4613 16 27.1497 16 13.8413 15 19.857 29 31.9342 29 13.9775
6000 12.445 16 26.7782 16 13.8582 16 19.8423 29 31.9868 29 14.4477
6000 12.411 16 26.9068 16 13.8842 16 19.831 29 31.8698 29 14.4173
6000 12.3828 16 26.676 16 13.6 15 19.794 29 31.6387 29 13.7912
6000 12.4612 16 27.065 16 13.7957 16 19.7643 29 32.2947 29 14.1255
6000 12.4327 17 27.0545 17 14.0605 16 19.7193 31 32.262 31 14.5162
6000 12.4177 16 26.8583 16 13.7198 15 19.8717 29 31.7353 29 13.9067
6000 12.3782 16 26.6723 16 13.6465 15 19.8223 29 31.6842 29 13.8642
6000 12.4003 17 27.0417 17 13.7498 16 19.7787 31 31.9363 31 14.3112
6000 12.4702 17 26.9367 17 13.7885 16 19.9663 31 31.922 31 14.3983
6000 12.428 16 26.9017 16 13.752 16 19.906 29 32.2518 29 14.2975
6000 12.3918 16 26.9477 16 13.5777 15 19.7517 29 31.7295 29 13.8688
7000 12.6626 17 27.1899 17 14.0146 16 20.2891 31 32.0877 31 14.4563
7000 12.6043 16 26.9719 16 13.9347 15 20.1843 29 32.1894 29 13.9794
7000 12.6466 16 27.1193 16 13.9439 16 20.3009 29 32.2279 29 14.4447
7000 12.6146 16 26.9573 16 13.6789 15 20.1489 29 32.1649 29 13.863
7000 12.6076 16 27.0607 16 13.9574 16 20.1783 29 32.2554 29 14.2606
7000 12.732 17 27.1779 17 14.2934 16 20.3894 31 32.161 31 14.4866
7000 12.6063 16 27.034 16 13.6621 15 20.2063 29 31.9389 29 13.9554
7000 12.6683 17 26.8734 17 14.2296 16 20.4337 31 32.3719 31 14.6691
7000 12.6361 17 27.1911 17 13.9621 16 20.2029 31 32.2189 31 14.4506
7000 12.624 16 26.9203 16 13.7659 15 20.2657 29 32.0581 29 13.8339
7000 12.6134 16 27.001 16 13.7434 15 20.25 29 32.1001 29 14.0669
7000 12.6203 17 26.8446 17 13.9084 16 20.2043 29 32.0474 29 14.4743
7000 12.6291 16 27.0329 16 13.946 16 20.1434 29 32.0311 29 14.3351
7000 12.58 16 26.9161 16 13.6519 15 20.1851 29 31.7976 29 13.9333
7000 12.6197 16 27.1384 16 13.7154 16 20.1491 31 32.2261 31 14.125
7000 12.6539 17 27.148 17 14.1589 16 20.3023 31 32.0974 31 14.3954
7000 12.5896 16 26.996 16 13.6819 15 20.1974 29 32.031 29 14.148
7000 12.6619 16 27.2471 16 13.8417 16 20.29 29 32.1136 29 14.2009
7000 12.6291 16 27.1543 16 13.7786 16 20.2794 29 32.0566 29 14.0491
7000 12.6424 17 27.1446 17 14.024 16 20.28 31 31.9703 31 14.2786
8000 12.8054 17 27.2712 17 14.1178 16 20.6547 31 32.198 31 14.3697
8000 12.828 17 27.3817 17 14.3505 16 20.642 31 32.3382 31 14.6429
8000 12.8353 17 27.4297 17 14.132 16 20.6882 31 32.1375 31 14.5166
8000 12.8128 17 27.2646 17 13.9683 16 20.6072 31 32.1602 31 14.2955
8000 12.841 17 27.2136 17 13.9935 16 20.6997 31 32.162 31 14.2062
8000 12.8441 17 27.1291 17 14.3443 16 20.6377 31 32.3606 31 14.6529
8000 12.8344 17 27.2135 17 14.1535 16 20.6947 31 31.8491 31 14.4095
8000 12.7919 16 27.0997 16 13.9794 16 20.558 29 32.3979 29 14.395
8000 12.8243 17 27.2391 17 14.1781 16 20.639 31 32.4519 31 14.7762
8000 12.8226 17 27.2052 17 14.3109 16 20.5895 31 32.4315 31 14.563
8000 12.8655 17 27.1569 17 14.2766 16 20.6947 31 32.189 31 14.6299
8000 12.8519 17 27.2019 17 14.2371 16 20.7305 31 32.2567 31 14.6
8000 12.788 16 27.2791 16 13.9426 16 20.5425 31 32.4049 31 14.2997
8000 12.8146 17 27.2371 17 14.0963 16 20.6002 31 32.2892 31 14.277
8000 12.882 17 27.4762 17 14.2646 16 20.702 31 32.2419 31 14.3712
8000 12.872 17 27.3545 17 14.3529 16 20.7127 31 32.2209 31 14.6284
8000 12.8646 17 27.3312 17 14.4433 16 20.6912 31 32.3374 31 15.0405
8000 12.8056 17 27.3295 17 14.0549 16 20.6622 29 32.5266 29 14.4099
8000 12.8324 17 27.3447 17 14.02 16 20.5905 29 32.4321 29 14.4867
8000 12.8118 16 27.148 16 14.1166 16 20.6547 31 32.339 31 14.4006
9000 13.0543 17 27.7093 17 14.6492 17 21.1458 31 32.6212 31 14.8842
9000 12.9816 17 27.3847 17 14.2807 16 20.9193 31 32.5756 31 14.697
9000 13.0362 17 27.4849 17 14.5043 16 21.0664 31 32.5291 31 14.5294
9000 12.9773 17 27.458 17 14.4019 16 20.8927 31 32.5296 31 14.4751
9000 12.9821 17 27.3007 17 14.3592 16 20.9856 31 32.3183 31 14.8286
9000 12.9887 17 27.339 17 14.3726 16 20.9456 31 32.5616 31 14.6994
9000 13.038 17 27.5497 17 14.6094 16 21.0991 31 32.4198 31 14.5416
9000 13.0271 17 27.6491 17 14.4459 16 21.0418 31 32.475 31 14.7723
9000 12.9958 17 27.2972 17 14.3987 16 20.9502 31 32.3286 31 14.7919
9000 12.9889 17 27.3637 17 14.4011 16 21.0149 31 32.3006 31 14.8884
9000 13.0207 17 27.424 17 14.5271 16 20.9842 31 32.5974 31 14.7119
9000 13.0209 17 27.2789 17 14.5698 16 21.0536 31 32.6154 31 14.7969
9000 12.9638 17 27.4214 17 14.32 16 20.9193 31 32.2267 31 14.5014
9000 12.9808 17 27.4766 17 14.242 16 20.9644 31 32.5091 31 14.5946
9000 13.0147 17 27.4314 17 14.4278 16 20.9889 31 32.5982 31 14.7877
9000 12.9444 17 27.4181 17 14.203 16 20.9093 31 32.318 31 14.4593
9000 13.0146 17 27.461 17 14.4 16 21.0384 31 32.5607 31 14.8214
9000 12.9917 17 27.4771 17 14.477 16 20.9138 31 32.7652 31 14.7164
9000 13.0153 17 27.4151 17 14.5354 16 20.9978 31 32.4 31 14.788
9000 12.9872 17 27.1733 17 14.4108 16 20.9998 31 32.3717 31 15.0048
10000 13.1527 17 27.6487 17 14.5584 16 21.191 31 32.5733 31 14.6442
10000 13.1863 17 27.4646 17 14.6734 16 21.3098 31 32.5709 31 14.7179
10000 13.1849 17 27.4419 17 14.7979 17 21.4758 33 32.9289 33 15.3159
10000 13.1479 17 27.7985 17 14.6896 17 21.205 31 33.0215 31 15.2291
10000 13.1819 17 27.3973 17 14.8704 17 21.395 33 32.8331 33 15.0669
10000 13.1419 17 27.5392 17 14.548 16 21.2504 31 32.7194 31 14.7961
10000 13.1795 17 27.6802 17 14.5065 16 21.2712 31 32.8291 31 14.8592
10000 13.1542 17 27.4046 17 14.6937 16 21.29 31 32.7271 31 14.977
10000 13.1622 17 27.5956 17 14.4743 16 21.2756 31 32.7947 31 14.8166
10000 13.1345 17 27.5992 17 14.3524 16 21.2218 31 32.759 31 14.6587
10000 13.1566 17 27.5033 17 14.5272 16 21.2724 31 32.4162 31 14.7925
10000 13.1784 17 27.4169 17 14.5823 16 21.331 31 32.5891 31 14.8094
10000 13.1152 17 27.3972 17 14.4073 16 21.2484 31 32.643 31 14.7637
10000 13.1323 17 27.4783 17 14.4998 16 21.2592 31 32.7121 31 14.7362
10000 13.1663 17 27.5948 17 14.6104 16 21.2852 31 32.4558 31 14.954
10000 13.1839 17 27.7706 17 14.631 16 21.321 31 32.6627 31 14.8116
10000 13.1374 17 27.5772 17 14.7174 16 21.3254 31 32.5949 31 14.7042
10000 13.1367 17 27.5501 17 14.4881 16 21.2832 31 32.6934 31 14.8856
10000 13.1263 17 27.3924 17 14.5763 16 21.2456 31 32.6853 31 14.654
10000 13.176 17 27.5391 17 14.5792 16 21.2408 31 32.7878 31 14.7768
