1000 499.5 999 999 999 500.5 1000 490.726 1860 492.716 1860 499.5
1000 499.5 999 999 999 500.5 1000 495.18 1936 497.168 1936 499.5
1000 499.5 999 999 999 500.5 1000 502.666 1844 504.664 1844 499.5
1000 499.5 999 999 999 500.5 1000 496.004 1924 497.994 1924 499.5
1000 499.5 999 999 999 500.5 1000 499.636 1886 501.626 1886 499.5
1000 499.5 999 999 999 500.5 1000 497.872 1992 499.856 1992 499.5
1000 499.5 999 999 999 500.5 1000 491.294 1930 493.276 1930 499.5
1000 499.5 999 999 999 500.5 1000 509.898 1984 511.874 1984 499.5
1000 499.5 999 999 999 500.5 1000 515.592 1980 517.576 1980 499.5
1000 499.5 999 999 999 500.5 1000 517.642 1900 519.614 1900 499.5
1000 499.5 999 999 999 500.5 1000 482.884 1916 484.868 1916 499.5
1000 499.5 999 999 999 500.5 1000 512.872 1884 514.862 1884 499.5
1000 499.5 999 999 999 500.5 1000 487.126 1906 489.114 1906 499.5
1000 499.5 999 999 999 500.5 1000 491.886 1952 493.876 1952 499.5
1000 499.5 999 999 999 500.5 1000 500.83 1930 502.806 1930 499.5
1000 499.5 999 999 999 500.5 1000 512.918 1904 514.906 1904 499.5
1000 499.5 999 999 999 500.5 1000 515.06 1890 517.042 1890 499.5
1000 499.5 999 999 999 500.5 1000 490.158 1914 492.138 1914 499.5
1000 499.5 999 999 999 500.5 1000 502.11 1926 504.088 1926 499.5
1000 499.5 999 999 999 500.5 1000 508.038 1844 510.022 1844 499.5
2000 999.5 1999 1999 1999 1000.5 2000 1000.98 3950 1002.97 3950 999.5
2000 999.5 1999 1999 1999 1000.5 2000 997.693 3826 999.687 3826 999.5
2000 999.5 1999 1999 1999 1000.5 2000 1012.43 3918 1014.43 3918 999.5
2000 999.5 1999 1999 1999 1000.5 2000 995.379 3924 997.368 3924 999.5
2000 999.5 1999 1999 1999 1000.5 2000 1024.57 3942 1026.56 3942 999.5
2000 999.5 1999 1999 1999 1000.5 2000 996.19 3958 998.179 3958 999.5
2000 999.5 1999 1999 1999 1000.5 2000 1004.79 3858 1006.79 3858 999.5
2000 999.5 1999 1999 1999 1000.5 2000 1016.85 3950 1018.84 3950 999.5
2000 999.5 1999 1999 1999 1000.5 2000 993.3 3976 995.292 3976 999.5
2000 999.5 1999 1999 1999 1000.5 2000 1020.26 3802 1022.25 3802 999.5
2000 999.5 1999 1999 1999 1000.5 2000 1018.44 3914 1020.44 3914 999.5
2000 999.5 1999 1999 1999 1000.5 2000 1000.61 3882 1002.6 3882 999.5
2000 999.5 1999 1999 1999 1000.5 2000 984.709 3872 986.699 3872 999.5
2000 999.5 1999 1999 1999 1000.5 2000 997.537 3958 999.53 3958 999.5
2000 999.5 1999 1999 1999 1000.5 2000 1012.85 3988 1014.84 3988 999.5
2000 999.5 1999 1999 1999 1000.5 2000 992.568 3798 994.561 3798 999.5
2000 999.5 1999 1999 1999 1000.5 2000 1027.99 3996 1029.98 3996 999.5
2000 999.5 1999 1999 1999 1000.5 2000 1017.04 3894 1019.04 3894 999.5
2000 999.5 1999 1999 1999 1000.5 2000 1008.03 3894 1010.02 3894 999.5
2000 999.5 1999 1999 1999 1000.5 2000 994.335 3902 996.325 3902 999.5
3000 1499.5 2999 2999 2999 1500.5 3000 1530.13 5966 1532.13 5966 1499.5
3000 1499.5 2999 2999 2999 1500.5 3000 1543.01 5876 1545 5876 1499.5
3000 1499.5 2999 2999 2999 1500.5 3000 1499.94 5726 1501.93 5726 1499.5
3000 1499.5 2999 2999 2999 1500.5 3000 1518.48 5960 1520.48 5960 1499.5
3000 1499.5 2999 2999 2999 1500.5 3000 1530.28 5876 1532.27 5876 1499.5
3000 1499.5 2999 2999 2999 1500.5 3000 1508.34 5748 1510.34 5748 1499.5
3000 1499.5 2999 2999 2999 1500.5 3000 1508.34 5938 1510.33 5938 1499.5
3000 1499.5 2999 2999 2999 1500.5 3000 1503.57 5876 1505.56 5876 1499.5
3000 1499.5 2999 2999 2999 1500.5 3000 1500.53 5900 1502.53 5900 1499.5
3000 1499.5 2999 2999 2999 1500.5 3000 1483.61 5802 1485.61 5802 1499.5
3000 1499.5 2999 2999 2999 1500.5 3000 1504.08 5852 1506.07 5852 1499.5
3000 1499.5 2999 2999 2999 1500.5 3000 1513.22 5862 1515.22 5862 1499.5
3000 1499.5 2999 2999 2999 1500.5 3000 1513.45 5916 1515.45 5916 1499.5
3000 1499.5 2999 2999 2999 1500.5 3000 1508.43 5766 1510.43 5766 1499.5
3000 1499.5 2999 2999 2999 1500.5 3000 1529.88 5728 1531.87 5728 1499.5
3000 1499.5 2999 2999 2999 1500.5 3000 1521.44 5942 1523.44 5942 1499.5
3000 1499.5 2999 2999 2999 1500.5 3000 1481.44 5858 1483.43 5858 1499.5
3000 1499.5 2999 2999 2999 1500.5 3000 1531.74 5814 1533.74 5814 1499.5
3000 1499.5 2999 2999 2999 1500.5 3000 1540.81 5888 1542.81 5888 1499.5
3000 1499.5 2999 2999 2999 1500.5 3000 1521.26 5856 1523.26 5856 1499.5
4000 1999.5 3999 3999 3999 2000.5 4000 2003.42 7852 2005.42 7852 1999.5
4000 1999.5 3999 3999 3999 2000.5 4000 2036.12 7894 2038.12 7894 1999.5
4000 1999.5 3999 3999 3999 2000.5 4000 1995.59 7882 1997.58 7882 1999.5
4000 1999.5 3999 3999 3999 2000.5 4000 1995.29 7758 1997.28 7758 1999.5
4000 1999.5 3999 3999 3999 2000.5 4000 2017.37 7974 2019.37 7974 1999.5
4000 1999.5 3999 3999 3999 2000.5 4000 2028.36 7840 2030.36 7840 1999.5
4000 1999.5 3999 3999 3999 2000.5 4000 2004.48 7812 2006.47 7812 1999.5
4000 1999.5 3999 3999 3999 2000.5 4000 2033.69 7842 2035.68 7842 1999.5
4000 1999.5 3999 3999 3999 2000.5 4000 2025.05 7736 2027.05 7736 1999.5
4000 1999.5 3999 3999 3999 2000.5 4000 2043.39 7990 2045.38 7990 1999.5
4000 1999.5 3999 3999 3999 2000.5 4000 2053.17 7872 2055.16 7872 1999.5
4000 1999.5 3999 3999 3999 2000.5 4000 1998.72 7748 2000.71 7748 1999.5
4000 1999.5 3999 3999 3999 2000.5 4000 2005.08 7902 2007.08 7902 1999.5
4000 1999.5 3999 3999 3999 2000.5 4000 2033.42 7724 2035.42 7724 1999.5
4000 1999.5 3999 3999 3999 2000.5 4000 2000.06 7902 2002.05 7902 1999.5
4000 1999.5 3999 3999 3999 2000.5 4000 2028.01 7824 2030 7824 1999.5
4000 1999.5 3999 3999 3999 2000.5 4000 2002.41 7794 2004.4 7794 1999.5
4000 1999.5 3999 3999 3999 2000.5 4000 2052.13 7962 2054.13 7962 1999.5
4000 1999.5 3999 3999 3999 2000.5 4000 2036.21 7856 2038.2 7856 1999.5
4000 1999.5 3999 3999 3999 2000.5 4000 2019.38 7912 2021.37 7912 1999.5
5000 2499.5 4999 4999 4999 2500.5 5000 2524.1 9808 2526.1 9808 2499.5
5000 2499.5 4999 4999 4999 2500.5 5000 2553.75 9946 2555.75 9946 2499.5
5000 2499.5 4999 4999 4999 2500.5 5000 2540.38 9792 2542.38 9792 2499.5
5000 2499.5 4999 4999 4999 2500.5 5000 2555.75 9780 2557.75 9780 2499.5
5000 2499.5 4999 4999 4999 2500.5 5000 2527.81 9788 2529.8 9788 2499.5
5000 2499.5 4999 4999 4999 2500.5 5000 2496.25 9906 2498.25 9906 2499.5
5000 2499.5 4999 4999 4999 2500.5 5000 2574.39 9906 2576.39 9906 2499.5
5000 2499.5 4999 4999 4999 2500.5 5000 2533.73 9866 2535.73 9866 2499.5
5000 2499.5 4999 4999 4999 2500.5 5000 2553.08 9822 2555.08 9822 2499.5
5000 2499.5 4999 4999 4999 2500.5 5000 2547.76 9880 2549.75 9880 2499.5
5000 2499.5 4999 4999 4999 2500.5 5000 2458.85 9956 2460.84 9956 2499.5
5000 2499.5 4999 4999 4999 2500.5 5000 2523.53 9850 2525.53 9850 2499.5
5000 2499.5 4999 4999 4999 2500.5 5000 2506.72 9812 2508.72 9812 2499.5
5000 2499.5 4999 4999 4999 2500.5 5000 2499.76 9718 2501.76 9718 2499.5
5000 2499.5 4999 4999 4999 2500.5 5000 2530.86 9890 2532.86 9890 2499.5
5000 2499.5 4999 4999 4999 2500.5 5000 2507.51 9588 2509.51 9588 2499.5
5000 2499.5 4999 4999 4999 2500.5 5000 2504.44 9896 2506.44 9896 2499.5
5000 2499.5 4999 4999 4999 2500.5 5000 2495.47 9832 2497.47 9832 2499.5
5000 2499.5 4999 4999 4999 2500.5 5000 2521.98 9746 2523.97 9746 2499.5
5000 2499.5 4999 4999 4999 2500.5 5000 2539.75 9868 2541.74 9868 2499.5
6000 2999.5 5999 5999 5999 3000.5 6000 3056.32 11734 3058.32 11734 2999.5
6000 2999.5 5999 5999 5999 3000.5 6000 3062.39 11694 3064.39 11694 2999.5
6000 2999.5 5999 5999 5999 3000.5 6000 3044.44 11832 3046.44 11832 2999.5
6000 2999.5 5999 5999 5999 3000.5 6000 2985.13 11778 2987.13 11778 2999.5
6000 2999.5 5999 5999 5999 3000.5 6000 3003.46 11862 3005.45 11862 2999.5
6000 2999.5 5999 5999 5999 3000.5 6000 3004.75 11806 3006.75 11806 2999.5
6000 2999.5 5999 5999 5999 3000.5 6000 3046.71 11810 3048.71 11810 2999.5
6000 2999.5 5999 5999 5999 3000.5 6000 3016.34 11752 3018.34 11752 2999.5
6000 2999.5 5999 5999 5999 3000.5 6000 3026.65 11608 3028.65 11608 2999.5
6000 2999.5 5999 5999 5999 3000.5 6000 2997.41 11696 2999.41 11696 2999.5
6000 2999.5 5999 5999 5999 3000.5 6000 3024.11 11880 3026.11 11880 2999.5
6000 2999.5 5999 5999 5999 3000.5 6000 3054.63 11726 3056.62 11726 2999.5
6000 2999.5 5999 5999 5999 3000.5 6000 3053.29 11690 3055.29 11690 2999.5
6000 2999.5 5999 5999 5999 3000.5 6000 3046.98 11736 3048.98 11736 2999.5
6000 2999.5 5999 5999 5999 3000.5 6000 3050.43 11758 3052.43 11758 2999.5
6000 2999.5 5999 5999 5999 3000.5 6000 3056.63 11970 3058.63 11970 2999.5
6000 2999.5 5999 5999 5999 3000.5 6000 3040.74 11770 3042.74 11770 2999.5
6000 2999.5 5999 5999 5999 3000.5 6000 3026.94 11808 3028.93 11808 2999.5
6000 2999.5 5999 5999 5999 3000.5 6000 3045.96 11844 3047.96 11844 2999.5
6000 2999.5 5999 5999 5999 3000.5 6000 3070.41 11624 3072.4 11624 2999.5
7000 3499.5 6999 6999 6999 3500.5 7000 3560.02 13844 3562.01 13844 3499.5
7000 3499.5 6999 6999 6999 3500.5 7000 3534.2 13878 3536.2 13878 3499.5
7000 3499.5 6999 6999 6999 3500.5 7000 3546.59 13686 3548.59 13686 3499.5
7000 3499.5 6999 6999 6999 3500.5 7000 3491.48 13718 3493.48 13718 3499.5
7000 3499.5 6999 6999 6999 3500.5 7000 3572.16 13840 3574.16 13840 3499.5
7000 3499.5 6999 6999 6999 3500.5 7000 3537.24 13896 3539.24 13896 3499.5
7000 3499.5 6999 6999 6999 3500.5 7000 3547.48 13706 3549.48 13706 3499.5
7000 3499.5 6999 6999 6999 3500.5 7000 3537.54 13836 3539.53 13836 3499.5
7000 3499.5 6999 6999 6999 3500.5 7000 3577.42 13662 3579.42 13662 3499.5
7000 3499.5 6999 6999 6999 3500.5 7000 3580.31 13786 3582.31 13786 3499.5
7000 3499.5 6999 6999 6999 3500.5 7000 3543.73 13646 3545.72 13646 3499.5
7000 3499.5 6999 6999 6999 3500.5 7000 3529.26 13684 3531.25 13684 3499.5
7000 3499.5 6999 6999 6999 3500.5 7000 3555.78 13862 3557.78 13862 3499.5
7000 3499.5 6999 6999 6999 3500.5 7000 3583.46 13796 3585.46 13796 3499.5
7000 3499.5 6999 6999 6999 3500.5 7000 3542.27 13656 3544.27 13656 3499.5
7000 3499.5 6999 6999 6999 3500.5 7000 3577.33 13764 3579.32 13764 3499.5
7000 3499.5 6999 6999 6999 3500.5 7000 3551.08 13914 3553.08 13914 3499.5
7000 3499.5 6999 6999 6999 3500.5 7000 3550.9 13824 3552.9 13824 3499.5
7000 3499.5 6999 6999 6999 3500.5 7000 3551.53 13948 3553.53 13948 3499.5
7000 3499.5 6999 6999 6999 3500.5 7000 3536.42 13804 3538.42 13804 3499.5
8000 3999.5 7999 7999 7999 4000.5 8000 4071.64 15840 4073.64 15840 3999.5
8000 3999.5 7999 7999 7999 4000.5 8000 4101.18 15882 4103.17 15882 3999.5
8000 3999.5 7999 7999 7999 4000.5 8000 4059.5 15622 4061.5 15622 3999.5
8000 3999.5 7999 7999 7999 4000.5 8000 4106.25 15904 4108.25 15904 3999.5
8000 3999.5 7999 7999 7999 4000.5 8000 4061.86 15828 4063.86 15828 3999.5
8000 3999.5 7999 7999 7999 4000.5 8000 4036.21 15822 4038.21 15822 3999.5
8000 3999.5 7999 7999 7999 4000.5 8000 4099.64 15666 4101.64 15666 3999.5
8000 3999.5 7999 7999 7999 4000.5 8000 4067.41 15652 4069.41 15652 3999.5
8000 3999.5 7999 7999 7999 4000.5 8000 4035.46 15872 4037.46 15872 3999.5
8000 3999.5 7999 7999 7999 4000.5 8000 4034.87 15768 4036.87 15768 3999.5
8000 3999.5 7999 7999 7999 4000.5 8000 4113.95 15878 4115.94 15878 3999.5
8000 3999.5 7999 7999 7999 4000.5 8000 4043.58 15702 4045.58 15702 3999.5
8000 3999.5 7999 7999 7999 4000.5 8000 4103.69 15876 4105.68 15876 3999.5
8000 3999.5 7999 7999 7999 4000.5 8000 4055.79 15630 4057.79 15630 3999.5
8000 3999.5 7999 7999 7999 4000.5 8000 4096.06 15694 4098.06 15694 3999.5
8000 3999.5 7999 7999 7999 4000.5 8000 4100.04 15764 4102.04 15764 3999.5
8000 3999.5 7999 7999 7999 4000.5 8000 4065.03 15916 4067.03 15916 3999.5
8000 3999.5 7999 7999 7999 4000.5 8000 4085.52 15766 4087.52 15766 3999.5
8000 3999.5 7999 7999 7999 4000.5 8000 4029.68 15794 4031.67 15794 3999.5
8000 3999.5 7999 7999 7999 4000.5 8000 4086.39 15892 4088.39 15892 3999.5
9000 4499.5 8999 8999 8999 4500.5 9000 4617.89 17916 4619.88 17916 4499.5
9000 4499.5 8999 8999 8999 4500.5 9000 4586.87 17688 4588.87 17688 4499.5
9000 4499.5 8999 8999 8999 4500.5 9000 4576.1 17818 4578.09 17818 4499.5
9000 4499.5 8999 8999 8999 4500.5 9000 4606.43 17980 4608.43 17980 4499.5
9000 4499.5 8999 8999 8999 4500.5 9000 4547.2 17872 4549.2 17872 4499.5
9000 4499.5 8999 8999 8999 4500.5 9000 4569.39 17594 4571.39 17594 4499.5
9000 4499.5 8999 8999 8999 4500.5 9000 4572.35 17738 4574.35 17738 4499.5
9000 4499.5 8999 8999 8999 4500.5 9000 4636.88 17820 4638.88 17820 4499.5
9000 4499.5 8999 8999 8999 4500.5 9000 4589.66 17904 4591.65 17904 4499.5
9000 4499.5 8999 8999 8999 4500.5 9000 4559.57 17828 4561.57 17828 4499.5
9000 4499.5 8999 8999 8999 4500.5 9000 4607.84 17838 4609.84 17838 4499.5
9000 4499.5 8999 8999 8999 4500.5 9000 4612.41 17712 4614.41 17712 4499.5
9000 4499.5 8999 8999 8999 4500.5 9000 4546.09 17840 4548.09 17840 4499.5
9000 4499.5 8999 8999 8999 4500.5 9000 4553.93 17574 4555.93 17574 4499.5
9000 4499.5 8999 8999 8999 4500.5 9000 4595.36 17558 4597.36 17558 4499.5
9000 4499.5 8999 8999 8999 4500.5 9000 4559.64 17836 4561.64 17836 4499.5
9000 4499.5 8999 8999 8999 4500.5 9000 4588.48 17720 4590.47 17720 4499.5
9000 4499.5 8999 8999 8999 4500.5 9000 4545.35 17702 4547.34 17702 4499.5
9000 4499.5 8999 8999 8999 4500.5 9000 4560.06 17752 4562.06 17752 4499.5
9000 4499.5 8999 8999 8999 4500.5 9000 4572.93 17842 4574.93 17842 4499.5
10000 4999.5 9999 9999 9999 5000.5 10000 5041.6 19576 5043.6 19576 4999.5
10000 4999.5 9999 9999 9999 5000.5 10000 5147.27 19562 5149.27 19562 4999.5
10000 4999.5 9999 9999 9999 5000.5 10000 5097.51 19698 5099.51 19698 4999.5
10000 4999.5 9999 9999 9999 5000.5 10000 5022.14 19818 5024.14 19818 4999.5
10000 4999.5 9999 9999 9999 5000.5 10000 5121.39 19828 5123.39 19828 4999.5
10000 4999.5 9999 9999 9999 5000.5 10000 5123 19756 5124.99 19756 4999.5
10000 4999.5 9999 9999 9999 5000.5 10000 5140.99 19972 5142.99 19972 4999.5
10000 4999.5 9999 9999 9999 5000.5 10000 5144.97 19688 5146.97 19688 4999.5
10000 4999.5 9999 9999 9999 5000.5 10000 5100.37 19894 5102.37 19894 4999.5
10000 4999.5 9999 9999 9999 5000.5 10000 5076.96 19814 5078.96 19814 4999.5
10000 4999.5 9999 9999 9999 5000.5 10000 5135.91 19814 5137.91 19814 4999.5
10000 4999.5 9999 9999 9999 5000.5 10000 5139.01 19626 5141.01 19626 4999.5
10000 4999.5 9999 9999 9999 5000.5 10000 5074.86 19634 5076.86 19634 4999.5
10000 4999.5 9999 9999 9999 5000.5 10000 5127.06 19732 5129.06 19732 4999.5
10000 4999.5 9999 9999 9999 5000.5 10000 5131.42 19862 5133.41 19862 4999.5
10000 4999.5 9999 9999 9999 5000.5 10000 5074.12 19748 5076.12 19748 4999.5
10000 4999.5 9999 9999 9999 5000.5 10000 5088.98 19958 5090.97 19958 4999.5
10000 4999.5 9999 9999 9999 5000.5 10000 5115.44 19748 5117.44 19748 4999.5
10000 4999.5 9999 9999 9999 5000.5 10000 5167.6 19902 5169.59 19902 4999.5
10000 4999.5 9999 9999 9999 5000.5 10000 5112.02 19932 5114.02 19932 4999.5
