1000 11.39 24 22.78 24 20.998 25 17.232 38 25.541 38 20.631
1000 11.153 24 22.306 24 21.908 25 16.744 38 25.273 38 21.675
1000 10.663 19 21.326 19 17.168 20 15.675 29 23.817 29 16.38
1000 11.821 21 23.642 21 19.617 22 16.507 33 26.092 33 19.145
1000 11.77 22 23.54 22 19.079 23 17.608 37 26.502 37 18.999
1000 11.22 22 22.44 22 18.888 23 17.101 40 25.234 40 17.828
1000 11.418 19 22.836 19 17.182 20 17.069 34 25.808 34 17.31
1000 10.429 19 20.858 19 15.863 20 15.846 30 23.854 30 16.017
1000 10.662 19 21.324 19 17.381 20 15.419 31 24.488 31 17.247
1000 10.341 20 20.682 20 16.813 21 15.505 31 23.578 31 16.559
1000 10.921 20 21.842 20 17.135 21 17.162 32 24.799 32 17.311
1000 11.281 23 22.562 23 20.005 24 16.185 36 25.69 36 21.231
1000 11.208 21 22.416 21 19.59 22 16.543 35 25.381 35 18.232
1000 10.239 18 20.478 18 15.788 19 15.665 28 23.56 28 15.682
1000 10.588 19 21.176 19 16.524 20 15.945 31 24.211 31 16.699
1000 11.721 22 23.442 22 18.41 23 17.804 32 26.559 32 18.703
1000 10.934 24 21.868 24 20.109 25 16.45 35 24.417 35 17.934
1000 10.445 20 20.89 20 17.484 21 15.294 29 23.763 29 17.409
1000 10.149 19 20.298 19 16.231 20 15.7 30 23.313 30 16.963
1000 11.959 24 23.918 24 21.567 25 17.126 36 26.421 36 21.043
2000 12.87 23 25.74 23 19.487 24 18.6485 35 28.7025 35 19.6475
2000 13.005 26 26.01 26 22.6385 27 19.3965 45 27.7585 45 21.775
2000 12.263 23 24.526 23 20.5805 24 18.3815 34 27.326 34 19.841
2000 13.635 29 27.27 29 23.678 30 18.9465 37 29.7295 37 23.88
2000 11.505 25 23.01 25 20.6415 26 17.403 43 26.171 43 21.046
2000 12.5775 23 25.155 23 20.7985 24 18.788 36 28.101 36 20.5985
2000 11.617 22 23.234 22 19.5285 23 17.6155 36 26.252 36 18.1245
2000 11.7705 23 23.541 23 19.271 24 17.874 34 26.289 34 18.4815
2000 12.479 25 24.958 25 22.414 26 19.48 41 28.023 41 22.691
2000 12.0915 25 24.183 25 22.975 26 17.6115 40 27.0555 40 21.2285
2000 12.837 25 25.674 25 21.2755 26 19.406 41 28.7955 41 22.3085
2000 12.238 23 24.476 23 20.0715 24 18.159 34 27.409 34 19.763
2000 12.503 23 25.006 23 20.1425 24 19.8245 39 28.0795 39 19.9805
2000 12.8645 22 25.729 22 20.151 23 18.97 38 28.2795 38 20.111
2000 13.127 24 26.254 24 21.116 25 19.5035 37 28.7705 37 20.4275
2000 12.177 22 24.354 22 20.568 23 18.1725 34 27.3405 34 19.9025
2000 12.4355 24 24.871 24 21.244 25 17.995 38 27.4105 38 21.1615
2000 12.431 25 24.862 25 21.5355 26 17.6105 41 27.913 41 22.2155
2000 12.468 25 24.936 25 22.034 26 18.7535 40 27.902 40 21.442
2000 12.3785 26 24.757 26 22.199 27 17.931 36 27.782 36 23.5965
3000 12.7237 24 25.4473 24 20.8563 25 18.7843 35 28.4673 35 21.366
3000 12.8417 25 25.6833 25 22.92 26 18.5863 37 28.6207 37 21.9687
3000 12.3857 25 24.7713 25 21.321 26 18.151 38 27.469 38 20.0537
3000 13.0963 24 26.1927 24 20.9697 25 20.421 37 29.3857 37 20.828
3000 12.7057 24 25.4113 24 21.439 25 19.465 39 28.4317 39 21.414
3000 12.6113 23 25.2227 23 19.7823 24 18.353 35 28.011 35 20.895
3000 12.9513 27 25.9027 27 22.2923 28 19.2803 39 28.855 39 22.3897
3000 12.6747 24 25.3493 24 21.068 25 19.227 37 28.52 37 21.3473
3000 13.8567 25 27.7133 25 22.66 26 19.1963 39 30.361 39 22.563
3000 13.668 24 27.336 24 21.9287 25 20.6803 38 30.3263 38 22.4547
3000 12.4747 24 24.9493 24 21.1457 25 18.1287 35 27.633 35 20.1267
3000 13.2403 25 26.4807 25 22.0803 26 19.9387 39 29.4783 39 22.418
3000 13.934 27 27.868 27 23.6787 28 21.1587 42 30.8403 42 23.7347
3000 13.71 27 27.42 27 25.0327 28 20.07 43 30.2217 43 24.052
3000 13.6883 29 27.3767 29 25.384 30 20.1113 41 30.2897 41 26.1013
3000 14.0367 26 28.0733 26 22.991 27 22.257 42 30.935 42 23.4323
3000 13.3407 25 26.6813 25 22.2323 26 20.1483 41 29.177 41 21.9097
3000 12.6097 24 25.2193 24 20.2677 25 19.2423 38 28.2317 38 20.7983
3000 12.8083 22 25.6167 22 20.6303 23 18.7243 35 28.774 35 20.068
3000 13.4723 24 26.9447 24 21.4753 25 20.4773 39 30.0807 39 21.674
4000 13.33 26 26.66 26 22.3743 27 20.1998 41 29.6088 41 22.2565
4000 13.5988 26 27.1975 26 22.1715 27 19.6298 38 30.0055 38 23.08
4000 13.307 27 26.614 27 24.375 28 19.6873 40 29.5595 40 23.8493
4000 13.2623 24 26.5245 24 21.5698 25 20.3983 41 29.4273 41 21.3907
4000 13.9338 25 27.8675 25 22.1285 26 22.1663 39 30.8848 39 22.1455
4000 13.3273 26 26.6545 26 22.3727 27 19.9948 42 29.8905 42 22.8182
4000 13.114 25 26.228 25 21.8063 26 19.111 39 29.0213 39 22.2483
4000 13.2485 26 26.497 26 23.2663 27 20.0758 40 29.5105 40 22.681
4000 13.1118 25 26.2235 25 22.2733 26 20.0335 42 29.1843 42 21.5275
4000 14.0568 27 28.1135 27 23.8445 28 20.1883 38 31.209 38 23.3668
4000 13.1883 28 26.3765 28 24.782 29 19.98 46 29.1235 46 24.4873
4000 14.8698 29 29.7395 29 26.667 30 21.882 43 32.774 43 26.589
4000 13.0718 25 26.1435 25 20.9513 26 19.599 38 29.1048 38 21.3082
4000 12.591 24 25.182 24 20.7075 25 19.211 38 28.3625 38 21.2773
4000 14.361 27 28.722 27 22.8532 28 20.6883 37 31.6663 37 23.9488
4000 13.8308 28 27.6615 28 25.771 29 20.15 44 30.6625 44 25.2368
4000 13.826 25 27.652 25 23.5702 26 21.1418 41 30.5893 41 22.223
4000 14.1045 26 28.209 26 23.868 27 22.0778 43 31.2758 43 23.7658
4000 14.207 27 28.414 27 24.3435 28 20.7323 41 30.895 41 23.2435
4000 14.0915 27 28.183 27 23.8078 28 21.0145 43 31.0658 43 24.245
5000 14.3402 26 28.6804 26 23.4354 27 21.2352 42 31.7962 42 23.4386
5000 13.986 28 27.972 28 25.054 29 21.2386 46 31.0104 46 24.3494
5000 13.0862 25 26.1724 25 22.0754 26 19.5264 38 29.2668 38 22.229
5000 13.9262 26 27.8524 26 23.5 27 21.5456 44 30.8164 44 22.7164
5000 15.7404 32 31.4808 32 28.7274 33 24.451 47 34.2396 47 27.5696
5000 15.6012 29 31.2024 29 26.3522 30 22.4552 44 34.1142 44 26.6916
5000 13.5332 29 27.0664 29 25.4008 30 20.1052 42 29.869 42 24.4304
5000 13.5026 28 27.0052 28 24.7894 29 20.692 41 30.018 41 24.1898
5000 14.5782 28 29.1564 28 24.7846 29 22.9242 49 31.9414 49 25.2518
5000 13.3696 26 26.7392 26 21.1264 27 19.8452 40 29.594 40 21.6408
5000 14.2752 30 28.5504 30 25.8042 31 21.077 50 31.2594 50 25.9048
5000 15.4808 31 30.9616 31 28.2238 32 22.5618 46 33.052 46 26.8898
5000 14.8328 29 29.6656 29 25.4386 30 22.0492 48 32.2806 48 25.413
5000 13.86 27 27.72 27 23.7296 28 20.8422 41 30.7538 41 23.8664
5000 13.2702 25 26.5404 25 22.6804 26 19.8452 42 29.519 42 22.1312
5000 13.5406 24 27.0812 24 22.432 25 20.1072 37 30.0394 37 22.446
5000 13.9894 27 27.9788 27 24.7062 28 21.0108 44 30.9182 44 24.3664
5000 13.5386 24 27.0772 24 22.4272 25 19.814 39 30.2146 39 22.9676
5000 14.9648 29 29.9296 29 25.8088 30 22.2552 44 32.6568 44 24.1598
5000 13.318 24 26.636 24 22.0272 25 20.2502 43 29.525 43 21.498
6000 14.2642 28 28.5283 28 24.1958 29 20.5818 38 31.144 38 24.7093
6000 14.8907 28 29.7813 28 25.594 29 21.5815 44 32.8893 44 25.7913
6000 14.236 27 28.472 27 24.504 28 21.0628 44 31.3438 44 24.4008
6000 14.2952 29 28.5903 29 26.4347 30 22.2437 46 31.4592 46 24.1895
6000 14.4617 26 28.9233 26 22.9197 27 22.4052 40 32.037 40 22.5662
6000 13.6467 24 27.2933 24 21.5843 25 20.5395 38 30.361 38 22.1198
6000 14.4688 29 28.9377 29 26.7197 30 22.1377 46 31.872 46 25.7998
6000 14.7015 34 29.403 34 28.9755 35 21.2367 48 32.1915 48 28.5485
6000 14.2307 28 28.4613 28 23.7132 29 21.265 43 31.0722 43 23.373
6000 15.268 31 30.536 31 26.8968 32 22.8167 49 33.2395 49 26.4632
6000 14.9783 28 29.9567 28 24.7978 29 23.4467 43 32.8773 43 25.205
6000 13.3262 26 26.6523 26 23.1257 27 20.1622 42 29.7892 42 23.2102
6000 14.3992 26 28.7983 26 24.3598 27 21.1307 43 31.6533 43 23.5738
6000 15.4765 32 30.953 32 26.332 33 23.7785 50 33.9862 50 26.6478
6000 14.5868 26 29.1737 26 24.26 27 22.6732 42 32.3052 42 23.8888
6000 14.4065 28 28.813 28 24.4748 29 21.7103 44 31.72 44 24.7918
6000 14.4487 28 28.8973 28 25.3013 29 20.8857 43 31.8197 43 25.0928
6000 15.5435 30 31.087 30 26.6298 31 22.7215 44 33.8975 44 26.7862
6000 14.2737 26 28.5473 26 23.6428 27 21.0383 40 31.515 40 23.513
6000 15.4887 31 30.9773 31 27.3655 32 22.072 43 33.9117 43 27.3458
7000 14.871 28 29.742 28 23.8873 29 23.2187 44 32.773 44 23.9851
7000 14.6596 30 29.3191 30 27.0563 31 22.5816 50 32.27 50 26.7
7000 15.5913 31 31.1826 31 28.2077 32 21.9163 45 34.0776 45 28.0136
7000 14.5017 31 29.0034 31 26.6426 32 21.5547 47 31.787 47 26.0501
7000 15.3073 31 30.6146 31 26.4361 32 22.4866 48 33.5951 48 26.6534
7000 15.7497 30 31.4994 30 26.5924 31 22.8601 44 34.4946 44 26.239
7000 14.1969 28 28.3937 28 24.4643 29 20.512 41 31.5477 41 24.1169
7000 14.605 29 29.21 29 25.027 30 21.9539 43 32.0057 43 24.9736
7000 14.7116 26 29.4231 26 23.9486 27 22.4796 43 32.2513 43 23.7237
7000 15.0617 30 30.1234 30 27.2861 31 22.8536 47 32.9891 47 25.8147
7000 14.9434 29 29.8869 29 26.0383 30 22.199 46 32.7454 46 26.1077
7000 13.914 27 27.828 27 24.8816 28 20.9389 44 30.834 44 24.5364
7000 14.5381 25 29.0763 25 23.7574 26 21.0881 42 31.7696 42 23.6569
7000 13.9721 26 27.9443 26 23.6069 27 20.9663 40 31.0293 40 23.5229
7000 14.7507 30 29.5014 30 26.6766 31 21.6717 45 32.4563 45 25.524
7000 14.2384 27 28.4769 27 24.3953 28 21.469 42 31.5086 42 23.4741
7000 13.9197 27 27.8394 27 23.673 28 21.41 47 30.7627 47 23.4389
7000 15.2164 30 30.4329 30 27.2477 31 23.9926 51 33.3136 51 26.4001
7000 13.9923 26 27.9846 26 23.2776 27 21.466 40 30.9399 40 23.6813
7000 15.6033 31 31.2066 31 27.3697 32 22.8089 45 34.0834 45 28.139
8000 14.3056 27 28.6113 27 24.6319 28 21.5551 43 31.5398 43 24.7405
8000 15.0394 29 30.0788 29 26.4288 30 21.6526 42 32.9885 42 25.985
8000 14.8779 27 29.7558 27 23.9597 28 22.8282 46 32.6406 46 24.3099
8000 14.534 27 29.068 27 25.009 28 22.5334 43 32.0643 43 24.603
8000 15.0464 31 30.0928 31 27.0645 32 22.4105 45 33.0634 45 26.548
8000 15.615 33 31.23 33 29.3319 34 23.1431 50 34.0225 50 29.76
8000 14.4356 27 28.8713 27 24.1131 28 21.3705 40 31.8915 40 23.572
8000 14.7299 28 29.4598 28 25.3909 29 21.9436 45 32.4742 45 25.5215
8000 14.847 28 29.694 28 24.7611 29 22.648 44 32.7122 44 25.1781
8000 14.9198 30 29.8395 30 27.496 31 22.6696 47 32.8414 47 27.4881
8000 15.5385 29 31.077 29 26.4529 30 22.836 47 33.892 47 26.4536
8000 14.9883 31 29.9765 31 26.2294 32 22.8501 44 32.8706 44 26.7613
8000 15.1733 28 30.3465 28 25.7519 29 22.1947 44 33.3211 44 25.4024
8000 14.3813 28 28.7625 28 24.6397 29 21.6409 42 31.719 42 24.3674
8000 14.693 27 29.386 27 24.5782 28 22.4915 46 32.4734 46 24.5029
8000 14.8381 28 29.6763 28 25.603 29 21.6854 42 32.6513 42 25.5694
8000 15.0534 28 30.1068 28 25.9615 29 22.7364 47 33.0634 47 25.2966
8000 15.7096 28 31.4193 28 25.4996 29 22.9036 48 34.2454 48 25.9633
8000 14.835 29 29.67 29 26.0012 30 22.0752 45 32.566 45 27.0541
8000 15.3659 28 30.7318 28 25.4647 29 22.5359 45 33.6181 45 25.9287
9000 14.6067 28 29.2133 28 24.8806 29 21.908 43 32.2613 43 25.0338
9000 15.3383 30 30.6767 30 27.1236 31 22.5229 47 33.5553 47 26.606
9000 15.3582 31 30.7164 31 27.698 32 22.9651 52 33.0914 52 27.0896
9000 14.541 29 29.082 29 25.9891 30 22.4487 46 31.9728 46 24.815
9000 15.0711 29 30.1422 29 25.2806 30 21.8814 41 33.2578 41 25.1417
9000 16.297 31 32.594 31 29.0813 32 24.365 50 35.5214 50 29.7161
9000 14.813 29 29.626 29 26.4121 30 21.7024 43 32.5656 43 26.4879
9000 14.9137 29 29.8273 29 26.3544 30 22.38 47 32.6618 47 25.6543
9000 14.6706 28 29.3411 28 24.9587 29 22.4693 46 32.2886 46 24.549
9000 16.1152 32 32.2304 32 29.1932 33 24.0429 50 35.1734 50 28.221
9000 14.4218 27 28.8436 27 24.2891 28 21.3797 39 31.9477 39 24.416
9000 15.0439 29 30.0878 29 26.2652 30 23.3087 45 33.2623 45 27.2917
9000 14.8938 29 29.7876 29 26.4008 30 22.7123 45 32.647 45 26.0812
9000 15.0222 28 30.0444 28 25.6298 29 21.9217 42 32.8912 42 25.9341
9000 15.431 31 30.862 31 28.5832 32 23.9946 48 33.8392 48 28.18
9000 14.6286 29 29.2571 29 25.7586 30 21.9736 45 32.2953 45 25.8421
9000 15.1117 30 30.2233 30 27.1619 31 23.0521 48 33.1892 48 26.6749
9000 14.5499 28 29.0998 28 25.3751 29 21.6026 45 31.8576 45 24.9844
9000 15.3909 30 30.7818 30 28.1479 31 23.0568 44 33.6329 44 26.3411
9000 15.8724 31 31.7449 31 27.8104 32 24.3819 50 34.7632 50 27.2021
10000 16.6867 32 33.3734 32 29.7032 33 25.12 53 36.289 53 28.5657
10000 15.2348 32 30.4696 32 27.7243 33 22.8965 51 33.497 51 28.0189
10000 16.1287 29 32.2574 29 27.0588 30 23.8356 44 35.2106 44 26.293
10000 15.5173 32 31.0346 32 29.0339 33 23.5012 46 33.9705 46 27.1248
10000 14.9582 28 29.9164 28 24.7886 29 21.9458 42 32.9077 42 25.967
10000 16.2204 29 32.4408 29 25.8827 30 24.0525 44 35.4505 44 26.5284
10000 16.857 30 33.714 30 27.3304 31 25.1091 50 36.6011 50 27.1741
10000 15.0768 29 30.1536 29 26.3119 30 23.1448 48 33.2925 48 25.0634
10000 15.3659 28 30.7318 28 24.9653 29 22.7481 42 33.7652 42 26.1703
10000 15.2909 32 30.5818 32 28.6845 33 23.5025 51 33.4951 51 26.4212
10000 15.7412 28 31.4824 28 26.2184 29 24.5743 49 34.5154 49 25.3317
10000 15.4169 29 30.8338 29 26.8662 30 22.6099 47 33.8228 47 25.9381
10000 14.8376 29 29.6752 29 25.7973 30 22.2589 45 32.7038 45 26.1806
10000 14.7933 26 29.5866 26 24.1505 27 22.7062 42 32.5526 42 24.3019
10000 14.8987 29 29.7974 29 26.4077 30 22.2309 42 32.8126 42 26.5097
10000 16.8273 29 33.6546 29 27.7518 30 25.3473 51 36.7933 51 26.6812
10000 14.9989 28 29.9978 28 25.4802 29 22.1076 42 32.8164 42 26.3861
10000 15.9473 30 31.8946 30 26.9705 31 24.9155 48 34.5806 48 27.5322
10000 15.2117 28 30.4234 28 25.3028 29 23.4492 46 33.2901 46 25.4723
10000 15.7031 30 31.4062 30 26.3795 31 23.7021 48 34.4561 48 27.1348
