0 5 1.256825919192874e-12 8.330159065118608e-12 0
0 6 1.5435074657413347e-10 1.7232000023619458e-10 0
0 7 6.520804933066021e-9 5.107060333399655e-9 0
0 8 4.3878455964699403e-7 5.216325323860714e-7 0
0 9 1.244990761158687e-5 1.3924259532364538e-5 0
0 10 0.00022150383760465657 0.00024236176476816204 0
0 11 0.005508751986152315 0.006274627138266979 0
0 12 0.03566168121570286 0.1679981993978261 0
0 13 16.722801869019296 20.252533849762347 0
0 14 3.2584417717633336 5.175503161592994 0
0 15 285.3597809403868 332.530526272467 0
0 16 4.526964935406299 5.182093183041847 0
0 17 7.315672755493742 4.175263381993381 0
0 18 5.354144456549644 6.674744655573241 0
0 19 9.770022307878197 18.12165199071709 0
0 20 9.494120583582301 8.95400175930308 0
0 21 72.5191048616789 520.6556046918865 0
0 22 4838.2045052211515 7900.844232496198 0
0 23 12.146980464502375 21.16764740359287 0
0 24 8.242984713520976 15.265553441796536 0
0 25 22.290328455276267 67.12260331784651 0
1 5 2.6272671962866383e-16 2.0471501066083611e-16 0
1 10 2.0770370905276122e-16 2.432376777795247e-16 0
1 20 3.484402727788097e-16 6.019825398928961e-16 0
1 5 1.4043333874306804e-16 2.531698018113677e-16 1
1 10 3.5803616730494477e-16 1.954749347017227e-16 1
1 20 3.901608678537189e-16 5.617333549722722e-16 1
1 5 1.6119276058718354e-15 3.050184961760566e-15 3
1 10 6.975523400445555e-15 4.814708429076269e-15 3
1 20 6.706335240570138e-15 7.598663558910898e-15 3
1 5 1.949083380510929e-10 2.1457689871911304e-10 7
1 10 1.4100688540256432e-10 1.2023995727233372e-10 7
1 20 1.571050693322963e-10 1.9842149936599887e-10 7
1 5 4.9401460992830225e-6 7.528930822245909e-6 12
1 10 4.1910943084408666e-5 4.492321821406113e-5 12
1 20 2.4423668413315555e-5 2.112252981881695e-5 12
1 5 0.2229092268084389 0.2389921956174593 16
1 10 0.698438217367168 0.5884917148249461 16
1 20 0.002281292084548433 0.0320039210282468 16
