0 0.01 0.01 0.01 0.01
1 0.0397 0.0397 0.0397 0.0397
2 0.15407173000000002 0.15407173000000002 0.15407173 0.15407173000000002
3 0.5450726260444213 0.5450726260444213 0.5450726 0.5450726260444213
4 1.2889780011888006 1.2889780011888006 1.2889781 1.2889780011888006
5 0.17151914210917552 0.17151914210917552 0.1715188 0.17151914210917552
6 0.5978201201070994 0.5978201201070994 0.5978191 0.5978201201070994
7 1.3191137924137974 1.3191137924137974 1.3191134 1.3191137924137974
8 0.056271577646256565 0.056271577646256565 0.056273222 0.056271577646256565
9 0.21558683923263022 0.21558683923263022 0.21559286 0.21558683923263022
10 0.722914301179573 0.723 0.7229306 0.722914301179573
11 1.3238419441684408 1.323813 1.3238364 1.3238419441684408
12 0.03769529725473175 0.037809423093000394 0.037716985 0.03769529725473175
13 0.14651838271355924 0.14694903494812506 0.14660022 0.14651838271355924
14 0.521670621435246 0.5230140831759444 0.521926 0.521670621435246
15 1.2702617739350768 1.2714251391026565 1.2704837 1.2702617739350768
16 0.24035217277824272 0.23613490338399745 0.2395482 0.24035217277824272
17 0.7881011902353041 0.7772605357474803 0.7860428 0.7881011902353041
18 1.2890943027903075 1.296640321698541 1.2905813 1.2890943027903075
19 0.17108484670194324 0.14273291523067644 0.16552472 0.17108484670194324
20 0.5965293124946907 0.5098136056519633 0.5799036 0.5965293124946907
21 1.3185755879825978 1.2595246850842865 1.3107498 1.3185755879825978
22 0.058377608259430724 0.2788914433271328 0.088804245 0.058377608259430724
23 0.22328659759944824 0.8822244618252572 0.3315584 0.22328659759944824
24 0.7435756763951792 1.1939378441724346 0.9964407 0.7435756763951792
25 1.315588346001072 0.49928864944837603 1.0070806 1.315588346001072
26 0.07003529560277899 1.2492871313895542 0.9856885 0.07003529560277899
27 0.26542635452061003 0.31499351559159317 1.0280086 0.26542635452061003
28 0.8503519690601384 0.9623113177721189 0.9416294 0.8503519690601384
29 1.2321124623871897 1.0711160541515397 1.1065198 1.2321124623871897
30 0.37414648963928676 0.8425954122226665 0.7529209 0.37414648963928676
31 1.0766291714289444 1.24048056279461 1.3110139 1.0766291714289444
32 0.8291255674004515 0.3455461711647426 0.0877831 0.8291255674004515
33 1.2541546500504441 1.0239782154391297 0.3280148 1.2541546500504441
34 0.29790694147232066 0.9503187046748046 0.9892781 0.29790694147232066
35 0.9253821285571046 1.091957897334823 1.021099 0.9253821285571046
36 1.1325322626697856 0.7907154406836285 0.95646656 1.1325322626697856
37 0.6822410727153098 1.2871690383279994 1.0813814 0.6822410727153098
38 1.3326056469620293 0.17826375362131697 0.81736827 1.3326056469620293
39 0.0029091569028512065 0.6177211169197832 1.2652004 0.0029091569028512065
40 0.011611238029748606 1.3261463328132592 0.25860548 0.011611238029748606
