Long-n.10 0.847 0.509 0.76 0.8448 0.4746 0.795 
Long-n.11 1.183 1.157 1.126 1.1734 1.068 1.1624 
Long-n.12 3.755 9.997 6.496 3.3846 4.6482 2.9298 
Long-n.13 5.058 14.03 4.943 5.0704 12.654 5.188 
Long-n.14 11.71 42.698 11.229 9.7554 53.5592 10.6648 
Long-n.15 25.058 199.06 34.219 21.9548 220.91 23.216 
Long-n.16 44.3 981.795 46.526 42.571 661.869 48.8424 
Long-n.17 93.102 2117.1 101.995 86.5348 2733.99 98.7168 
Long-n.18 191.831 9610.57 212.982 181.541 11073 210.968 
Long-n.19 367.037 61350.9 446.752 379.528 43779 449.161 
Long-n.20 792.915 160887 944.806 794.283 167865 957.438 
Long-n.21 1660.44 536908 2008.41 1623.35 780368 1962.67 
