Random4-n 1 2097152 9051281
Random4-n 1 2097152 9051281
Random4-n 1 2097152 9051281
Random4-n 570465 1203949 7773391
Random4-n 570465 1203949 7773391
Random4-n 570465 1203949 7773391
Random4-n 1486114 80878 7019059
Random4-n 1486114 80878 7019059
Random4-n 1486114 80878 7019059
Random4-n 1005705 192863 10620842
Random4-n 1005705 192863 10620842
Random4-n 1005705 192863 10620842
Random4-n 1788014 744407 7888177
Random4-n 1788014 744407 7888177
Random4-n 1788014 744407 7888177
Random4-C 1 1048576 3471241820
Random4-C 1 1048576 3471241820
Random4-C 1 1048576 3471241820
Random4-C 94616 701579 4310167262
Random4-C 94616 701579 4310167262
Random4-C 94616 701579 4310167262
Random4-C 551121 1025067 4991419932
Random4-C 551121 1025067 4991419932
Random4-C 551121 1025067 4991419932
Random4-C 1041549 444063 4152828402
Random4-C 1041549 444063 4152828402
Random4-C 1041549 444063 4152828402
Random4-C 36778 690152 3419467415
Random4-C 36778 690152 3419467415
Random4-C 36778 690152 3419467415
Long-n 1 2097152 31336751771
Long-n 1 2097152 31336751771
Long-n 1 2097152 31336751771
Long-n 383146 1764335 26233749683
Long-n 383146 1764335 26233749683
Long-n 383146 1764335 26233749683
Long-n 2012936 956402 15800077600
Long-n 2012936 956402 15800077600
Long-n 2012936 956402 15800077600
Long-n 410212 1959673 28850905880
Long-n 410212 1959673 28850905880
Long-n 410212 1959673 28850905880
Long-n 41575 75754 56849445914
Long-n 41575 75754 56849445914
Long-n 41575 75754 56849445914
Square-n 1 2096704 714640488
Square-n 1 2096704 714640488
Square-n 1 2096704 714640488
Square-n 270263 1152534 243902671
Square-n 270263 1152534 243902671
Square-n 270263 1152534 243902671
Square-n 2020283 647378 99435628
Square-n 2020283 647378 99435628
Square-n 2020283 647378 99435628
Square-n 1035511 393902 558379495
Square-n 1035511 393902 558379495
Square-n 1035511 393902 558379495
Square-n 1012849 758294 594411727
Square-n 1012849 758294 594411727
Square-n 1012849 758294 594411727
USA-road-t 1 6262104 16307906
USA-road-t 1 6262104 16307906
USA-road-t 1 6262104 16307906
USA-road-t 6166905 2748355 10844866
USA-road-t 6166905 2748355 10844866
USA-road-t 6166905 2748355 10844866
USA-road-t 2029877 5092407 9044800
USA-road-t 2029877 5092407 9044800
USA-road-t 2029877 5092407 9044800
USA-road-t 2669043 3094796 20432035
USA-road-t 2669043 3094796 20432035
USA-road-t 2669043 3094796 20432035
USA-road-t 5456307 4466358 15555771
USA-road-t 5456307 4466358 15555771
USA-road-t 5456307 4466358 15555771
