Random4-C.0 1692.74 627.842 699.697 1683.74 1331.33 0 
Random4-C.1 1663.75 650.537 819.938 1663.24 1474.16 0 
Random4-C.10 1766.17 804.792 1580.13 1763.8 2385.47 0 
Random4-C.11 1764.12 1114.38 1657.09 1757.55 2765.07 0 
Random4-C.12 1760.8 2324.77 1734.32 1750.57 4032.24 0 
Random4-C.13 1768.64 5985.77 1799 1780.05 8023.2 0 
Random4-C.14 1771.28 23600.5 1849.05 1754.86 25427.4 0 
Random4-C.15 1762.51 91607.4 1907.11 1772.35 91983.7 0 
Random4-C.2 1728.18 664.152 942.043 1733.38 1601.05 0 
Random4-C.3 1762.94 670.269 1050.76 1762.82 1718.64 0 
Random4-C.4 1844.51 672.59 1142.81 1771 1794.47 0 
Random4-C.5 1872.31 687.36 1217.08 1781.26 1888.42 0 
Random4-C.6 1776.47 679.36 1236.2 1780.58 1910.33 0 
Random4-C.7 1776.87 681.453 1256.67 1793.16 1961.9 0 
Random4-C.8 1780.25 693.858 1395.35 1779.25 2064.51 0 
Random4-C.9 1913.5 733.852 1491.93 1775.93 2239.33 0 
