Random4-n.10 1.676 0.372 1.159 1.14 0.2952 0.8644 
Random4-n.11 1.754 0.466 2.008 1.9502 0.5114 1.3362 
Random4-n.12 4.977 1.149 2.773 4.0382 0.965 2.7462 
Random4-n.13 7.777 1.91 7.545 7.3744 1.9326 7.1024 
Random4-n.14 17.815 6.298 13.27 17.2118 4.4496 13.28 
Random4-n.15 38.563 10.438 31.279 36.8898 10.036 27.9956 
Random4-n.16 83.229 24.201 68.688 79.7436 23.3804 62.8004 
Random4-n.17 173.383 90.065 171.721 168.216 56.6754 140.281 
Random4-n.18 351.785 150.779 301.286 342.798 152.453 299.929 
Random4-n.19 782.982 353.12 671.705 773.68 352.776 666.182 
Random4-n.20 1775.61 805.769 1577.74 1757.47 808.325 1600.18 
Random4-n.21 3992.44 1792.16 3897.88 3964.09 1772.19 3890 
