Square-n.10 1.046 0.441 1.123 0.802 1.117 0 
Square-n.11 1.779 0.744 1.161 1.3706 2.0806 0 
Square-n.12 3.532 1.728 2.505 2.955 4.428 0 
Square-n.13 5.718 4.81 7.532 5.7326 10.6494 0 
Square-n.14 13.329 13.529 13.21 13.5376 26.6018 0 
Square-n.15 26.407 56.706 32.168 26.2238 58.009 0 
Square-n.16 78.529 100.236 58.852 55.304 141.688 0 
Square-n.17 122.597 225.535 111.959 116.446 350.798 0 
Square-n.18 259.986 508.578 259.068 249.624 891.886 0 
Square-n.19 544.014 1637.11 549.786 537.822 2243.12 0 
Square-n.20 1165.34 4374.69 1181.37 1140.14 6118.72 0 
Square-n.21 2436.75 16264 2491.07 2429.62 14950.1 0 
