USA-road-t.B 241.524 108.29 281.622 239.569 106.81 237.234 
USA-road-t.C 1444.05 667.664 1462.34 1480.34 629.822 1445.3 
USA-road-t.C 315.355 216.091 337.03 306.704 206.461 318.096 
USA-road-t.C 13583.7 7024.23 12866.3 13621.2 6944.25 12675.3 
USA-road-t 2944.51 1093.55 2788.12 2891.83 1095.15 2809.2 
USA-road-t.F 738.072 374.413 762.817 783.634 330.607 779.025 
USA-road-t. 1236.62 429.199 1208.27 1184.17 414.288 1154.78 
USA-road-t. 944.52 429.275 894.883 906.417 418.415 912.491 
USA-road-t. 201.768 75.596 197.031 198.735 72.5762 194.228 
USA-road-t 5364.42 2100.93 5091.78 5327.84 2163.4 5122.64 
