min
12
6000 4000 8000 9000 8000 6000 10000 11000 1500 1500 1500 1500
-1 0 0 0 0 0 0 0 0 0 0 0 -100
0 -1 0 0 0 0 0 0 0 0 0 0 -100
0 0 -1 0 0 0 0 0 0 0 0 0 -100
0 0 0 -1 0 0 0 0 0 0 0 0 -100
0 0 0 0 -1 0 0 0 0 0 0 0 -60
0 0 0 0 0 -1 0 0 0 0 0 0 -65
0 0 0 0 0 0 -1 0 0 0 0 0 -70
0 0 0 0 0 0 0 -1 0 0 0 0 -60
0 0 0 0 0 0 0 0 -1 0 0 0 -70
0 0 0 0 0 0 0 0 0 -1 0 0 -70
0 0 0 0 0 0 0 0 0 0 -1 0 -70
0 0 0 0 0 0 0 0 0 0 0 -1 -70
1 0 0 0 1 0 0 0 -1 0 0 0 115
0 1 0 0 0 1 0 0 1 -1 0 0 80
0 0 1 0 0 0 1 0 0 1 -1 0 125
0 0 0 1 0 0 0 1 0 0 1 -1 195