1000 43
1000 48
1000 64
1000 45
1000 39
1000 51
1000 80
1000 66
1000 41
1000 69
1000 71
1000 38
1000 45
1000 48
1000 41
1000 69
1000 43
1000 41
1000 46
1000 37
1000 46
1000 42
1000 38
1000 58
1000 39
1000 67
1000 46
1000 59
1000 54
1000 53
1000 53
1000 43
1000 49
1000 46
1000 62
1000 60
1000 72
1000 31
1000 34
1000 38
1000 35
1000 42
1000 56
1000 76
1000 67
1000 44
1000 69
1000 33
1000 42
1000 56
1500 51
1500 59
1500 58
1500 61
1500 62
1500 72
1500 69
1500 47
1500 57
1500 66
1500 57
1500 87
1500 65
1500 47
1500 59
1500 59
1500 60
1500 64
1500 46
1500 55
1500 60
1500 57
1500 71
1500 83
1500 66
1500 61
1500 58
1500 51
1500 55
1500 44
1500 43
1500 46
1500 64
1500 68
1500 63
1500 51
1500 50
1500 79
1500 67
1500 52
1500 57
1500 57
1500 68
1500 63
1500 46
1500 83
1500 69
1500 75
1500 57
1500 63
2000 72
2000 71
2000 54
2000 99
2000 69
2000 82
2000 74
2000 70
2000 71
2000 54
2000 56
2000 61
2000 81
2000 59
2000 89
2000 72
2000 83
2000 70
2000 57
2000 113
2000 70
2000 63
2000 62
2000 61
2000 56
2000 63
2000 79
2000 76
2000 83
2000 73
2000 62
2000 68
2000 63
2000 42
2000 63
2000 64
2000 56
2000 50
2000 61
2000 70
2000 59
2000 69
2000 67
2000 94
2000 58
2000 82
2000 74
2000 69
2000 82
2000 67
2500 82
2500 78
2500 82
2500 77
2500 64
2500 101
2500 79
2500 43
2500 82
2500 58
2500 82
2500 86
2500 93
2500 58
2500 65
2500 67
2500 57
2500 119
2500 80
2500 75
2500 74
2500 66
2500 65
2500 61
2500 86
2500 61
2500 80
2500 59
2500 63
2500 63
2500 80
2500 95
2500 101
2500 55
2500 83
2500 61
2500 66
2500 78
2500 56
2500 81
2500 54
2500 73
2500 52
2500 69
2500 67
2500 71
2500 60
2500 59
2500 54
2500 62
3000 77
3000 75
3000 62
3000 91
3000 138
3000 85
3000 80
3000 94
3000 74
3000 85
3000 113
3000 75
3000 65
3000 95
3000 87
3000 91
3000 80
3000 97
3000 88
3000 77
3000 96
3000 80
3000 75
3000 82
3000 62
3000 61
3000 52
3000 60
3000 104
3000 95
3000 59
3000 72
3000 83
3000 62
3000 86
3000 105
3000 71
3000 64
3000 66
3000 72
3000 87
3000 65
3000 60
3000 63
3000 93
3000 78
3000 76
3000 64
3000 73
3000 82
3500 123
3500 73
3500 55
3500 74
3500 65
3500 101
3500 66
3500 83
3500 84
3500 94
3500 64
3500 66
3500 97
3500 87
3500 68
3500 82
3500 116
3500 100
3500 65
3500 62
3500 74
3500 85
3500 144
3500 67
3500 72
3500 60
3500 115
3500 64
3500 78
3500 124
3500 95
3500 81
3500 75
3500 70
3500 76
3500 78
3500 60
3500 105
3500 118
3500 71
3500 76
3500 66
3500 77
3500 70
3500 98
3500 70
3500 105
3500 151
3500 70
3500 58
4000 93
4000 81
4000 116
4000 80
4000 102
4000 90
4000 92
4000 124
4000 123
4000 94
4000 112
4000 98
4000 135
4000 83
4000 67
4000 102
4000 103
4000 119
4000 87
4000 76
4000 112
4000 109
4000 85
4000 84
4000 62
4000 92
4000 73
4000 66
4000 93
4000 91
4000 88
4000 69
4000 61
4000 72
4000 158
4000 63
4000 78
4000 113
4000 93
4000 93
4000 67
4000 111
4000 113
4000 84
4000 127
4000 61
4000 119
4000 95
4000 60
4000 109
4500 104
4500 95
4500 136
4500 64
4500 107
4500 104
4500 121
4500 96
4500 65
4500 93
4500 121
4500 82
4500 86
4500 75
4500 123
4500 84
4500 79
4500 121
4500 87
4500 131
4500 73
4500 85
4500 77
4500 79
4500 75
4500 72
4500 95
4500 88
4500 128
4500 86
4500 133
4500 89
4500 86
4500 113
4500 98
4500 134
4500 72
4500 75
4500 82
4500 74
4500 80
4500 91
4500 69
4500 67
4500 66
4500 100
4500 86
4500 84
4500 87
4500 108
5000 122
5000 69
5000 71
5000 106
5000 69
5000 84
5000 101
5000 80
5000 104
5000 111
5000 90
5000 126
5000 115
5000 118
5000 86
5000 141
5000 101
5000 92
5000 79
5000 122
5000 107
5000 108
5000 147
5000 118
5000 115
5000 82
5000 99
5000 100
5000 81
5000 88
5000 136
5000 86
5000 109
5000 92
5000 74
5000 115
5000 84
5000 85
5000 115
5000 71
5000 99
5000 95
5000 88
5000 117
5000 120
5000 72
5000 79
5000 99
5000 122
5000 90
