826 23
34 13
718 25
2773 27
343 19
8495 29
367 23
768 25
705 23
979 25
67 19
1588 27
2870 27
29 15
698 25
311 21
6147 29
2605 27
4489 29
311 19
1749 27
320 21
4012 27
1222 27
2402 27
1278 23
1235 25
1283 25
745 21
202 25
1482 27
1701 25
333 21
132 23
505 21
6363 29
1398 25
252 19
237 19
275 19
170 19
1409 25
871 25
94 17
146 17
339 23
941 23
5366 29
645 23
697 21
2698 27
37 15
1438 25
2431 25
201 25
554 21
1573 25
1353 25
339 21
2379 27
472 21
809 23
330 21
980 25
419 25
710 23
399 23
277 23
1680 25
1647 25
1491 25
1276 23
1978 25
534 21
769 23
2126 27
155 23
4442 27
180 21
2423 27
348 21
183 25
263 21
975 23
323 23
380 19
800 29
233 21
635 25
4190 27
365 23
273 21
275 23
110 21
1458 25
6617 29
1 1
3111 29
1454 25
436 23
184 19
23 11
156 19
314 23
1353 25
700 25
1588 25
365 23
83 17
6260 29
2498 27
5153 29
3304 27
3388 27
245 19
36 17
615 23
326 21
721 25
948 23
1464 25
1439 25
1643 25
599 23
3304 27
1293 25
1097 23
4264 27
232 21
300 23
2392 27
2365 27
1839 25
369 23
640 23
197 19
416 21
72 19
1099 23
560 23
260 21
449 21
1070 25
553 23
36 15
691 23
1125 23
188 21
426 25
178 19
265 23
631 23
632 23
2070 25
307 21
2411 27
933 23
1512 25
534 23
167 21
1125 25
2427 27
850 23
1297 27
396 23
2661 27
595 23
2926 27
1446 27
252 21
1027 23
614 23
795 23
3143 27
865 27
388 21
3224 27
834 23
238 21
1083 25
1234 25
6091 29
2080 25
170 21
489 21
2291 25
1371 25
555 23
2789 27
1364 23
427 23
1293 27
825 23
1140 25
368 25
5942 29
763 23
598 23
284 21
425 21
684 23
141 19
126 15
259 21
1588 25
91 19
644 23
1232 25
688 25
3209 27
754 23
222 19
490 25
3445 29
785 25
619 23
88 21
396 23
580 23
1573 25
6662 29
59 17
1776 25
101 15
2023 27
607 25
1088 25
1209 25
723 23
1339 23
939 23
238 19
2960 29
2956 27
535 23
1588 25
239 17
54 15
1499 23
1432 23
205 19
243 19
285 21
169 19
86 19
752 21
919 25
2084 25
499 21
2990 27
2832 27
345 25
1148 25
48 19
388 23
1138 25
6337 29
678 23
397 23
147 17
3096 29
1403 25
186 19
223 21
821 25
2494 27
171 19
327 25
246 21
341 21
1138 23
1384 27
3000 27
322 21
793 25
1483 25
390 21
1110 25
2602 27
174 19
657 21
2816 29
2446 29
1143 25
395 23
1023 25
283 21
554 23
1162 25
565 23
127 17
333 21
1427 27
189 23
371 21
1932 25
984 23
2604 27
730 25
2456 25
655 23
379 23
460 21
797 23
2424 27
5148 29
420 25
4044 27
511 23
294 23
295 21
91 19
259 21
1023 25
1931 27
347 21
2313 25
82 17
3961 27
2755 27
4254 29
369 23
705 23
1417 25
1424 27
2761 27
2623 27
2422 27
761 25
396 21
1580 27
107 19
741 25
157 21
1086 25
464 21
747 23
235 19
294 21
526 23
358 23
118 19
2467 27
1286 25
2783 27
972 23
1429 25
5419 29
1990 25
488 21
569 23
597 23
395 21
35 13
344 21
818 23
1923 27
703 23
1232 25
515 21
721 27
1109 23
1960 25
439 21
87 19
713 23
980 25
1477 25
539 23
727 25
778 25
50 17
364 21
619 23
1170 23
426 23
790 25
312 21
403 25
4756 29
1641 25
1461 25
614 23
1008 23
3682 29
3974 27
5535 29
207 19
37 17
554 23
696 23
253 21
443 23
156 17
386 21
274 19
1254 25
1727 27
99 21
23 13
340 19
3956 27
163 19
49 17
2951 25
228 23
798 25
1211 25
768 25
1820 27
399 23
635 25
326 23
77 17
2240 27
1376 23
661 25
161 19
187 21
400 19
720 25
355 21
639 23
1621 27
859 23
833 25
390 21
1097 23
128 19
802 23
606 23
88 19
180 21
45 17
176 21
730 23
465 23
2542 27
700 23
310 19
378 21
6605 29
208 21
42 15
1525 25
658 23
650 23
6240 31
756 25
86 19
1651 27
164 19
792 23
91 19
312 21
2554 27
6758 29
1591 25
404 25
1370 25
78 17
559 23
1610 27
617 25
586 25
1306 25
345 23
82 17
2255 27
1448 23
17 17
759 23
2440 27
772 25
1920 25
1406 27
673 25
69 17
830 23
3447 29
1614 25
119 17
1554 25
3488 27
849 25
745 21
1733 25
381 23
194 19
229 23
723 23
162 19
878 27
834 25
1037 25
3346 27
673 25
1666 27
1003 23
95 17
