6398 23
95 13
13083 25
32525 27
1287 19
67970 29
6684 23
13700 25
5790 23
16839 25
1127 19
30026 27
29266 27
170 15
16135 25
3140 21
60311 29
29852 27
59386 29
1202 19
28151 27
2649 21
30255 27
27065 27
30442 27
7926 23
13028 25
12759 25
2878 21
12201 25
29502 27
17412 25
2627 21
6299 23
3069 21
56568 29
17288 25
1188 19
1138 19
1243 19
1343 19
13778 25
12778 25
404 17
525 17
5823 23
5409 23
60965 29
6134 23
3027 21
27725 27
173 15
13743 25
17531 25
11937 25
2846 21
14204 25
18067 25
2534 21
38018 27
3345 21
6562 23
2588 21
12250 25
12587 25
6831 23
5781 23
7413 23
13056 25
17793 25
18787 25
6574 23
13367 25
2853 21
6427 23
31557 27
5114 23
31842 27
2501 21
37004 27
2532 21
12138 25
2649 21
7740 23
5380 23
1215 19
57499 29
2460 21
13797 25
38592 27
6242 23
2882 21
5320 23
2382 21
13338 25
60679 29
1 1
59378 29
12696 25
5361 23
1203 19
47 11
1117 19
5369 23
13237 25
16783 25
12834 25
5604 23
511 17
59530 29
29086 27
60405 29
37373 27
29494 27
1265 19
475 17
6419 23
3092 21
12938 25
7819 23
17581 25
17517 25
13265 25
5723 23
37373 27
13458 25
7698 23
29512 27
2429 21
6218 23
29233 27
29631 27
12991 25
6282 23
6183 23
1137 19
2665 21
1008 19
8120 23
7539 23
2700 21
2958 21
12623 25
6376 23
158 15
7557 23
7729 23
2435 21
16724 25
1222 19
5213 23
6060 23
6404 23
17731 25
2742 21
28361 27
6743 23
12969 25
6666 23
2631 21
13750 25
30000 27
8006 23
27378 27
5640 23
28590 27
6816 23
31200 27
27925 27
2503 21
6571 23
6289 23
6155 23
28190 27
35502 27
2937 21
31451 27
7738 23
2664 21
14329 25
12997 25
61535 29
12991 25
2541 21
2912 21
13316 25
16927 25
6430 23
36866 27
6326 23
7598 23
29942 27
8082 23
12802 25
13848 25
67895 29
6736 23
5824 23
2457 21
2614 21
6787 23
1257 19
255 15
2678 21
13252 25
1047 19
5853 23
12806 25
12838 25
29191 27
5639 23
1187 19
12507 25
60476 29
13240 25
6246 23
2307 21
5803 23
5689 23
13141 25
66617 29
493 17
17802 25
245 15
29114 27
13413 25
13476 25
12917 25
7546 23
8086 23
6511 23
1242 19
59438 29
32338 27
6933 23
12834 25
574 17
247 15
8052 23
7976 23
1221 19
1173 19
2577 21
1131 19
1029 19
3622 21
16640 25
13323 25
3196 21
30305 27
28406 27
13325 25
17003 25
989 19
7550 23
13720 25
61314 29
6063 23
6022 23
393 17
59387 29
13864 25
1197 19
2527 21
12253 25
37195 27
1218 19
12196 25
3060 21
2824 21
6615 23
29352 27
28456 27
2457 21
16825 25
17693 25
2762 21
13195 25
30465 27
1166 19
2793 21
58736 29
58907 29
14210 25
6152 23
16839 25
2540 21
5970 23
12955 25
6228 23
553 17
2279 21
36300 27
7108 23
2558 21
12795 25
7785 23
29581 27
12250 25
14634 25
6429 23
6030 23
2664 21
6255 23
36972 27
55790 29
16523 25
31342 27
6142 23
6314 23
2550 21
785 19
2612 21
16645 25
36495 27
2746 21
13755 25
360 17
29995 27
27950 27
60668 29
5651 23
5823 23
13057 25
29809 27
31900 27
28442 27
27424 27
12665 25
2603 21
27715 27
1072 19
12526 25
2338 21
16695 25
2458 21
6473 23
1246 19
2685 21
7326 23
5706 23
1114 19
28588 27
14427 25
30691 27
7608 23
13305 25
59456 29
13438 25
2635 21
6524 23
6489 23
2693 21
92 13
2680 21
8158 23
36256 27
7781 23
12806 25
2934 21
35661 27
6108 23
15220 25
2608 21
1177 19
6033 23
12461 25
13092 25
7432 23
17038 25
13687 25
509 17
2590 21
7402 23
6526 23
6072 23
16711 25
2647 21
16395 25
60251 29
17747 25
13283 25
7470 23
5838 23
53341 29
29343 27
60841 29
1184 19
492 17
5917 23
5835 23
2549 21
5820 23
560 17
2869 21
1286 19
14457 25
30041 27
2657 21
74 13
1425 19
31544 27
1046 19
348 17
18880 25
6141 23
16662 25
12514 25
14428 25
33292 27
5788 23
13797 25
5642 23
359 17
36790 27
6607 23
17342 25
1168 19
2834 21
1365 19
12465 25
2529 21
5746 23
28613 27
6562 23
12785 25
2742 21
7174 23
1208 19
5811 23
5642 23
766 19
2898 21
467 17
2958 21
6212 23
5720 23
27621 27
7683 23
1291 19
3094 21
64105 29
2596 21
217 15
13488 25
5701 23
5729 23
107038 31
13886 25
1164 19
27985 27
1275 19
5725 23
1104 19
2647 21
28249 27
60201 29
14084 25
16088 25
13097 25
510 17
5645 23
29263 27
12190 25
13457 25
13191 25
5511 23
527 17
28473 27
8305 23
350 17
5864 23
31949 27
17371 25
13246 25
30779 27
12505 25
506 17
5852 23
60225 29
17549 25
530 17
17843 25
29651 27
12327 25
2878 21
18728 25
5615 23
1213 19
6441 23
7546 23
1280 19
27804 27
14333 25
12518 25
31752 27
14285 25
28954 27
6077 23
578 17
