10 1 1
10 9 9
10 3 3
10 7 7
10 9 9
10 5 5
10 5 5
10 3 3
10 11 9
10 5 5
10 3 3
10 7 7
10 5 5
10 9 7
10 11 9
10 5 5
10 5 5
10 5 5
10 5 5
10 7 7
10 5 5
10 7 7
10 5 5
10 7 7
10 7 7
10 3 3
10 3 3
10 7 7
10 5 5
10 1 1
10 9 7
10 7 7
10 5 5
10 5 5
10 5 5
10 1 1
10 3 3
10 5 5
10 5 5
10 5 5
10 7 7
10 7 7
10 5 5
10 7 7
10 5 5
10 7 7
10 7 7
10 7 7
10 5 5
10 3 3
10 11 11
10 5 5
10 5 5
10 5 5
10 1 1
10 5 5
10 14 9
10 1 1
10 5 5
10 3 3
10 5 5
10 12 9
10 5 5
10 7 7
10 7 7
10 3 3
10 3 3
10 7 7
10 18 9
10 5 5
10 3 3
10 7 7
10 3 3
10 9 7
10 3 3
10 3 3
10 7 7
10 15 9
10 1 1
10 5 5
10 5 5
10 1 1
10 3 3
10 11 11
10 3 3
10 5 5
10 3 3
10 5 5
10 7 7
10 7 7
10 3 3
10 5 5
10 7 7
10 3 3
10 7 7
10 3 3
10 9 9
10 5 5
10 3 3
10 3 3
20 11 9
20 9 7
20 12 9
20 7 7
20 25 11
20 5 5
20 18 13
20 122 15
20 57 13
20 13 11
20 7 7
20 11 9
20 7 7
20 19 11
20 3 3
20 5 5
20 17 11
20 7 7
20 17 11
20 29 13
20 7 7
20 9 9
20 5 5
20 7 7
20 30 13
20 7 7
20 15 13
20 3 3
20 16 11
20 5 5
20 5 5
20 20 11
20 48 15
20 10 9
20 11 11
20 10 9
20 50 17
20 9 7
20 41 13
20 13 9
20 5 5
20 7 7
20 5 5
20 24 11
20 45 13
20 19 11
20 11 9
20 201 17
20 16 11
20 7 7
20 7 7
20 7 7
20 7 7
20 9 9
20 9 9
20 3 3
20 9 9
20 11 9
20 7 7
20 22 11
20 7 7
20 22 11
20 5 5
20 3 3
20 14 13
20 53 15
20 11 11
20 5 5
20 7 7
20 7 7
20 3 3
20 17 13
20 9 9
20 5 5
20 9 9
20 15 9
20 8 7
20 42 17
20 5 5
20 11 11
20 7 7
20 5 5
20 31 13
20 5 5
20 10 9
20 13 11
20 3 3
20 7 7
20 9 9
20 5 5
20 5 5
20 7 7
20 7 7
20 12 11
20 3 3
20 7 7
20 5 5
20 9 9
20 7 7
20 9 9
30 15 13
30 163 19
30 18 11
30 28 13
30 22 11
30 85 19
30 28 15
30 17 11
30 9 9
30 46 15
30 24 11
30 18 9
30 7 7
30 23 13
30 9 9
30 11 11
30 30 15
30 29 11
30 26 13
30 7 7
30 99 21
30 19 13
30 13 11
30 116 15
30 5 5
30 27 17
30 9 9
30 36 15
30 18 17
30 16 11
30 7 7
30 13 11
30 14 11
30 26 15
30 115 19
30 476 21
30 9 9
30 27 15
30 24 11
30 120 17
30 7 7
30 16 15
30 23 15
30 7 7
30 189 19
30 5 5
30 5 5
30 104 13
30 38 15
30 13 13
30 9 9
30 58 15
30 18 9
30 5 5
30 10 9
30 9 9
30 24 13
30 5 5
30 27 13
30 17 15
30 25 17
30 20 17
30 10 9
30 99 19
30 101 17
30 18 13
30 24 13
30 7 7
30 51 17
30 14 11
30 64 15
30 7 7
30 12 9
30 10 9
30 34 17
30 20 11
30 5 5
30 13 9
30 21 11
30 21 17
30 14 9
30 5 5
30 43 15
30 79 17
30 24 13
30 7 7
30 40 13
30 9 9
30 7 7
30 23 11
30 103 19
30 14 13
30 113 17
30 13 13
30 15 15
30 10 9
30 5 5
30 17 15
30 31 17
30 15 11
40 131 15
40 162 19
40 15 9
40 18 17
40 24 15
40 69 17
40 23 13
40 22 13
40 33 15
40 140 19
40 17 11
40 14 11
40 90 17
40 190 19
40 14 13
40 8 7
40 36 17
40 30 13
40 791 21
40 94 17
40 39 15
40 97 17
40 424 17
40 20 15
40 47 21
40 257 25
40 9 9
40 51 17
40 56 17
40 265 19
40 350 23
40 13 9
40 5 5
40 52 23
40 19 11
40 7 7
40 12 9
40 7 7
40 1432 21
40 22 13
40 15 15
40 154 17
40 32 15
40 9 9
40 83 19
40 39 15
40 26 13
40 82 19
40 189 21
40 9 9
40 364 23
40 28 15
40 9 9
40 864 23
40 9 9
40 47 15
40 89 19
40 26 11
40 83 17
40 88 17
40 28 19
40 4708 25
40 3 3
40 30 13
40 125 21
40 130 21
40 88 17
40 22 13
40 17 11
40 17 17
40 14 9
40 7586 31
40 17 15
40 34 15
40 20 11
40 12 9
40 65 19
40 27 13
40 14 11
40 860 19
40 186 17
40 50 15
40 23 11
40 178 19
40 62 13
40 757 23
40 224 19
40 16 13
40 3 3
40 31 17
40 38 17
40 333 21
40 15 13
40 7 7
40 112 21
40 77 17
40 24 19
40 52 17
40 21 15
40 174 21
50 60 17
50 15 9
50 173 21
50 173 17
50 174 21
50 2784 29
50 37 17
50 97 19
50 96 21
50 97 23
50 46 15
50 105 17
50 94 19
50 366 25
50 130 19
50 375 19
50 40 13
50 1432 27
50 917 25
50 304 23
50 47 21
50 24 11
50 37 23
50 113 19
50 1682 27
50 35 17
50 52 17
50 16 11
50 17 11
50 54 17
50 73 15
50 186 21
50 184 21
50 948 23
50 164 17
50 11 11
50 20 15
50 9 9
50 109 17
50 107 19
50 12 11
50 190 21
50 44 13
50 33 17
50 63 19
50 73 19
50 110 21
50 202 19
50 39 19
50 38 15
50 468 27
50 200 19
50 24 15
50 24 15
50 62 15
50 1440 23
50 9 9
50 2684 29
50 122 21
50 76 23
50 616 25
50 334 19
50 1204 23
50 2753 25
50 17 15
50 59 21
50 32 21
50 372 27
50 187 21
50 39 15
50 9 9
50 31 17
50 676 23
50 52 17
50 22 17
50 311 19
50 857 35
50 108 15
50 193 25
50 58 17
50 246 19
50 42 21
50 50 17
50 45 21
50 944 23
50 58 21
50 33 15
50 281 25
50 14 11
50 9 9
50 56 15
50 205 21
50 25 15
50 33 19
50 56 15
50 11 9
50 28 15
50 1620 25
50 23 13
50 24706 35
60 94 17
60 44 17
60 209 21
60 33 17
60 4906 33
60 200 23
60 108 15
60 34 19
60 328 23
60 29 13
60 192 23
60 143 21
60 60 19
60 20 17
60 29 15
60 75 21
60 100 21
60 66 17
60 671 23
60 44 17
60 26 17
60 32 17
60 32 15
60 88 23
60 58 15
60 13 9
60 14050 35
60 104 27
60 20 13
60 33 19
60 20 13
60 32 15
60 3226 31
60 605 23
60 95 21
60 211 21
60 70 25
60 7750 33
60 33 13
60 26307 31
60 48 17
60 651 25
60 100 21
60 201 21
60 31 17
60 179 15
60 21 17
60 423 23
60 5137 27
60 19888 31
60 95 19
60 11 9
60 50 15
60 76 17
60 37 17
60 77 23
60 75 21
60 46 19
60 69 23
60 31 19
60 30 15
60 90 19
60 178 21
60 11 11
60 6591 27
60 105 19
60 34 15
60 37 15
60 227 23
60 135 17
60 745 25
60 11 11
60 115 23
60 19 15
60 503 25
60 224 21
60 29 15
60 1838 29
60 35 15
60 34 15
60 426 21
60 327 25
60 7280 25
60 3427 27
60 100 19
60 64 17
60 173 21
60 1659 27
60 94 17
60 33 17
60 16 11
60 61 19
60 814 23
60 2382 27
60 5411 29
60 786 23
60 9 9
60 20 13
60 576 23
60 31 15
70 539 23
70 964 31
70 60 19
70 13 11
70 1494 25
70 333 23
70 8471 33
70 187 19
70 720 23
70 507 31
70 305 25
70 1570 29
70 629 25
70 102 23
70 18 13
70 107 23
70 94 19
70 77 17
70 106583 35
70 198 23
70 22827 33
70 386 21
70 59 15
70 1784 33
70 63 19
70 56 17
70 3421 31
70 52 17
70 38 15
70 1444 27
70 198 19
70 34 19
70 1751 27
70 71 21
70 2757 33
70 3698 27
70 766 27
70 146 23
70 145 21
70 5514 35
70 151 19
70 65 23
70 2010 33
70 55 15
70 115 21
70 404 25
70 187 25
70 3176 27
70 36 17
70 189 23
70 914 23
70 73 17
70 414 21
70 53 15
70 105 21
70 27 15
70 5140 31
70 206 25
70 12372 31
70 11061 29
70 1854 23
70 46 21
70 714 23
70 2643 29
70 145 25
70 26 13
70 235 23
70 31331 35
70 54 17
70 483 27
70 493 23
70 99 19
70 404 23
70 92 21
70 6830 37
70 1960 29
70 754 31
70 22 11
70 9945 31
70 6522 29
70 3714 27
70 969 23
70 87 19
70 18 11
70 102 25
70 218 25
70 3518 29
70 2574 27
70 1358 25
70 3015 29
70 48636 37
70 2246 29
70 512 21
70 30 15
70 2810 27
70 54 23
70 2153 25
70 283 19
70 178 17
70 793 27
80 425 25
80 191 21
80 22805 33
80 2951 31
80 1536 23
80 691 27
80 44 19
80 1005 29
80 1425 23
80 1075 23
80 26420 29
80 918 23
80 1261 27
80 7511 29
80 16 15
80 679 23
80 17 13
80 902 29
80 6369 33
80 18 13
80 2889 27
80 32 15
80 503 25
80 118 19
80 3056 35
80 16394 33
80 192 23
80 7788 31
80 16 15
80 11 11
80 1530 23
80 636 23
80 81 19
80 13182 29
80 203 25
80 237 27
80 12999 29
80 194 23
80 1714 27
80 169 25
80 37562 37
80 6983 31
80 1618 29
80 209 23
80 135 17
80 13117 31
80 198 21
80 552 23
80 24211 35
80 11 11
80 558 21
80 3657 33
80 5689 31
80 92 21
80 2800 31
80 580 23
80 36 13
80 71 21
80 193 27
80 36659 35
80 3102 27
80 3627 29
80 5823 31
80 706 25
80 51 19
80 11816 29
80 105 17
80 2463 25
80 34 15
80 31300 33
80 1659 25
80 6113 29
80 7 7
80 1444 27
80 995 29
80 14894 37
80 168 19
80 19 17
80 468 23
80 335 19
80 13039 33
80 925 31
80 7072 31
80 798 25
80 206 21
80 53 17
80 6609 29
80 60218 35
80 9 9
80 219 23
80 14928 33
80 4458 25
80 107 23
80 11956 31
80 58 25
80 250 19
80 526 29
80 79 19
80 400 23
80 71 15
90 233 21
90 88 17
90 185 21
90 6014 31
90 2995 31
90 59 17
90 67 19
90 457 27
90 2414 27
90 1309 25
90 477 29
90 8960 29
90 2611 29
90 35 19
90 400 23
90 51 15
90 30 15
90 428563 45
90 677 25
90 153 21
90 227 25
90 222 21
90 68982 37
90 683 23
90 371 21
90 3337 33
90 67 19
90 403 27
90 1868 29
90 4010 31
90 228 29
90 3064 31
90 101 19
90 180 19
90 2448 29
90 203 17
90 17 15
90 3324 27
90 104 23
90 21461 37
90 49058 35
90 11580 31
90 65335 37
90 3308 27
90 1126 29
90 18641 31
90 11722 29
90 1720 31
90 792 27
90 14160 35
90 1444 25
90 312 25
90 71 17
90 457 21
90 1849 25
90 1606 27
90 31 13
90 5435 29
90 26 21
90 57 17
90 27735 35
90 12834 27
90 2993 25
90 1790 25
90 27 19
90 79 17
90 1937 31
90 54185 33
90 13343 33
90 10931 31
90 1957 31
90 242 23
90 150 19
90 4500 25
90 319 21
90 6558 35
90 21 15
90 1282 25
90 2310 31
90 13446 35
90 105799 35
90 3900 39
90 41062 33
90 1928 33
90 166 17
90 66 21
90 99664 37
90 5159 29
90 1846 29
90 102663 39
90 132 23
90 919 27
90 37 13
90 765 27
90 837 25
90 720 23
90 6972 29
90 102 21
90 6404 27
90 117 19
100 442 21
100 1049432 41
100 43596 35
100 27577 33
100 637 27
100 1179 29
100 185 21
100 5549 31
100 20318 31
100 36402 37
100 2660 25
100 105 23
100 1173 25
100 39 15
100 49 21
100 830 31
100 5713 31
100 840 25
100 7457 35
100 409 23
100 89 23
100 10809 29
100 59744 43
100 56 23
100 28110 35
100 15789 31
100 68 19
100 10821 33
100 194 23
100 737 21
100 755853 41
100 33122 33
100 947 29
100 6283 27
100 278 21
100 612 25
100 150 21
100 6569 35
100 110655 35
100 413327 43
100 974 25
100 248721 41
100 14551 33
100 10470 33
100 149 17
100 195 19
100 14429 33
100 2626 27
100 402 21
100 538 23
100 26081 35
100 232514 41
100 10801 29
100 61542 35
100 4037 33
100 31825 37
100 25089 35
100 1633 29
100 835 29
100 372 19
100 3727 33
100 200 23
100 3002 29
100 663 23
100 274 25
100 12225 35
100 3857 29
100 2768 31
100 6103 31
100 84 19
100 787 25
100 31 17
100 30859 37
100 3082 29
100 1195 23
100 108823 35
100 633 23
100 206 21
100 424858 43
100 2598 29
100 51910 41
100 5570 29
100 1752 31
100 478 21
100 182 21
100 18 15
100 878 23
100 1878 27
100 423 27
100 11153 37
100 10007 31
100 50196 37
100 3320 29
100 3424 31
100 5054 27
100 194 23
100 10081 31
100 7981 31
100 49919 39
100 911 27
