10 62000
10 27000
10 24000
10 22000
10 22000
10 22000
10 21000
10 22000
10 22000
10 22000
10 22000
10 22000
10 22000
10 22000
10 22000
10 22000
10 22000
10 22000
10 22000
10 23000
20 65000
20 67000
20 70000
20 76000
20 72000
20 82000
20 112000
20 68000
20 57000
20 55000
20 58000
20 53000
20 54000
20 56000
20 58000
20 59000
20 57000
20 56000
20 61000
20 55000
30 118000
30 192000
30 172000
30 170000
30 176000
30 192000
30 205000
30 163000
30 118000
30 101000
30 107000
30 142000
30 152000
30 132000
30 95000
30 98000
30 137000
30 151000
30 112000
30 100000
40 192000
40 174000
40 188000
40 187000
40 193000
40 167000
40 181000
40 206000
40 191000
40 163000
40 217000
40 175000
40 177000
40 177000
40 175000
40 189000
40 200000
40 207000
40 171000
40 189000
50 385000
50 322000
50 358000
50 283000
50 263000
50 256000
50 243000
50 250000
50 294000
50 248000
50 266000
50 251000
50 317000
50 259000
50 264000
50 264000
50 297000
50 275000
50 248000
50 253000
60 402000
60 354000
60 362000
60 413000
60 395000
60 384000
60 393000
60 373000
60 334000
60 332000
60 346000
60 338000
60 328000
60 326000
60 346000
60 374000
60 322000
60 323000
60 354000
60 352000
70 540000
70 538000
70 448000
70 540000
70 501000
70 466000
70 464000
70 464000
70 460000
70 429000
70 447000
70 493000
70 512000
70 435000
70 451000
70 444000
70 420000
70 422000
70 574000
70 476000
80 666000
80 735000
80 546000
80 559000
80 689000
80 626000
80 664000
80 525000
80 688000
80 608000
80 637000
80 571000
80 652000
80 538000
80 577000
80 554000
80 610000
80 572000
80 539000
80 576000
90 628000
90 607000
90 648000
90 755000
90 612000
90 682000
90 724000
90 674000
90 801000
90 755000
90 607000
90 614000
90 698000
90 886000
90 748000
90 600000
90 850000
90 658000
90 682000
90 614000
100 1006000
100 743000
100 753000
100 899000
100 759000
100 757000
100 950000
100 953000
100 975000
100 873000
100 899000
100 787000
100 861000
100 732000
100 742000
100 751000
100 747000
100 773000
100 803000
100 740000
110 940000
110 870000
110 1197000
110 881000
110 906000
110 972000
110 1081000
110 989000
110 978000
110 845000
110 881000
110 915000
110 877000
110 949000
110 987000
110 909000
110 870000
110 893000
110 885000
110 868000
120 1154000
120 1205000
120 1102000
120 1037000
120 1326000
120 1055000
120 1059000
120 1022000
120 1044000
120 1033000
120 1112000
120 1140000
120 1094000
120 1064000
120 1036000
120 1150000
120 1030000
120 1091000
120 1080000
120 1021000
130 1411000
130 1247000
130 1613000
130 1380000
130 1299000
130 1271000
130 1242000
130 1288000
130 1236000
130 1262000
130 1558000
130 1296000
130 1246000
130 1215000
130 1224000
130 1230000
130 1335000
130 1229000
130 1414000
130 1217000
140 1370000
140 1487000
140 1576000
140 1533000
140 1598000
140 1481000
140 1453000
140 1512000
140 1434000
140 1435000
140 1364000
140 1403000
140 1298000
140 1927000
140 1416000
140 1469000
140 1453000
140 1396000
140 1430000
140 1569000
150 1537000
150 1924000
150 1916000
150 1655000
150 1659000
150 1779000
150 1559000
150 1945000
150 1624000
150 1695000
150 1698000
150 1550000
150 1692000
150 1665000
150 1733000
150 1680000
150 1628000
150 1739000
150 1577000
150 1829000
160 1935000
160 1723000
160 1815000
160 1917000
160 1755000
160 1913000
160 1948000
160 1813000
160 2089000
160 1810000
160 2093000
160 1752000
160 1755000
160 1825000
160 1922000
160 1808000
160 1842000
160 1819000
160 1806000
160 1816000
170 1866000
170 2294000
170 2070000
170 1794000
170 1792000
170 1808000
170 1650000
170 1732000
170 1865000
170 1925000
170 1815000
170 1979000
170 1666000
170 1717000
170 1891000
170 1841000
170 1882000
170 1652000
170 1662000
170 1847000
180 2117000
180 2049000
180 2195000
180 2136000
180 2206000
180 1997000
180 2166000
180 2064000
180 1905000
180 1914000
180 2172000
180 2029000
180 2099000
180 2286000
180 1980000
180 2206000
180 2260000
180 2148000
180 2119000
180 2083000
190 2804000
190 2659000
190 2445000
190 2215000
190 2307000
190 2758000
190 2241000
190 2108000
190 2440000
190 2325000
190 2393000
190 2190000
190 2282000
190 2208000
190 2211000
190 2175000
190 2285000
190 2143000
190 2442000
190 2409000
200 2627000
200 2621000
200 2496000
200 2569000
200 2722000
200 2619000
200 2380000
200 2497000
200 2603000
200 2643000
200 2451000
200 2308000
200 2634000
200 2618000
200 2668000
200 2440000
200 2612000
200 2686000
200 2760000
200 2357000
210 3134000
210 2972000
210 2731000
210 2703000
210 2700000
210 2846000
210 2491000
210 2782000
210 2760000
210 2991000
210 2666000
210 2813000
210 2662000
210 2601000
210 2795000
210 2753000
210 2748000
210 2777000
210 2826000
210 2853000
220 3679000
220 3311000
220 3646000
220 2972000
220 2656000
220 2767000
220 2767000
220 3287000
220 2653000
220 2992000
220 2674000
220 2938000
220 2815000
220 2653000
220 2787000
220 2953000
220 3035000
220 2945000
220 2796000
220 3190000
230 3158000
230 3602000
230 3440000
230 2826000
230 3163000
230 2901000
230 3305000
230 2936000
230 2900000
230 3061000
230 2891000
230 3533000
230 2906000
230 2985000
230 2916000
230 3207000
230 3298000
230 2938000
230 3252000
230 2975000
240 3559000
240 3552000
240 3132000
240 3458000
240 3182000
240 3574000
240 3341000
240 3181000
240 4057000
240 3232000
240 3323000
240 3093000
240 3039000
240 3348000
240 3243000
240 3458000
240 3115000
240 3078000
240 3344000
240 3366000
250 3661000
250 3853000
250 3677000
250 3619000
250 3469000
250 3527000
250 3747000
250 3317000
250 3317000
250 3906000
250 3590000
250 3487000
250 3913000
250 3777000
250 3712000
250 3639000
250 3540000
250 3366000
250 3481000
250 3324000
260 4826000
260 4106000
260 4080000
260 4539000
260 3912000
260 4301000
260 4616000
260 3960000
260 4090000
260 4030000
260 4318000
260 4145000
260 4501000
260 4480000
260 4535000
260 4168000
260 3947000
260 4170000
260 4084000
260 4294000
270 4688000
270 4533000
270 4398000
270 4372000
270 4203000
270 5052000
270 4348000
270 4377000
270 4348000
270 4718000
270 4379000
270 4142000
270 4341000
270 4407000
270 4214000
270 4605000
270 4633000
270 4379000
270 5270000
270 4531000
280 5039000
280 4575000
280 5143000
280 4534000
280 4479000
280 4687000
280 4459000
280 4555000
280 4650000
280 4492000
280 5043000
280 5151000
280 4765000
280 4594000
280 5193000
280 4923000
280 4526000
280 4336000
280 4514000
280 4821000
290 5013000
290 5014000
290 5009000
290 5105000
290 5098000
290 4787000
290 4846000
290 4972000
290 5324000
290 5394000
290 4707000
290 5008000
290 5468000
290 5002000
290 4928000
290 4918000
290 5256000
290 5084000
290 5570000
290 5014000
300 6972000
300 6046000
300 5430000
300 5142000
300 5087000
300 5307000
300 5253000
300 5170000
300 5098000
300 5507000
300 5400000
300 5199000
300 5176000
300 5058000
300 5091000
300 5240000
300 5689000
300 5185000
300 5484000
300 5205000
310 6350000
310 5394000
310 5690000
310 5674000
310 5415000
310 5828000
310 5542000
310 5715000
310 5351000
310 5403000
310 5396000
310 6065000
310 5522000
310 5774000
310 5458000
310 5318000
310 5625000
310 5340000
310 5912000
310 5306000
320 5994000
320 6179000
320 6085000
320 5692000
320 6187000
320 5772000
320 5793000
320 5920000
320 6301000
320 6373000
320 5568000
320 5837000
320 5847000
320 6025000
320 5903000
320 6209000
320 6129000
320 5875000
320 6336000
320 6614000
330 6138000
330 6307000
330 6381000
330 6119000
330 6010000
330 6262000
330 6018000
330 6486000
330 6279000
330 6051000
330 5924000
330 6374000
330 6241000
330 5966000
330 6360000
330 5907000
330 6543000
330 6326000
330 6239000
330 5894000
340 6769000
340 6849000
340 6342000
340 6783000
340 6354000
340 6760000
340 6651000
340 6555000
340 6380000
340 6675000
340 6398000
340 6718000
340 6359000
340 6675000
340 6396000
340 6796000
340 6466000
340 6565000
340 6266000
340 6588000
350 6465000
350 6977000
350 6800000
350 6603000
350 6707000
350 7003000
350 6689000
350 6363000
350 6605000
350 6726000
350 7169000
350 6804000
350 6402000
350 6829000
350 6543000
350 6746000
350 6590000
350 6716000
350 7120000
350 6834000
360 8237000
360 7656000
360 7402000
360 7884000
360 7456000
360 7129000
360 7729000
360 7501000
360 7739000
360 7824000
360 7272000
360 7084000
360 7694000
360 7606000
360 7993000
360 8279000
360 7343000
360 7499000
360 7718000
360 7653000
370 9064000
370 8528000
370 8335000
370 8553000
370 9179000
370 9735000
370 9108000
370 8543000
370 8663000
370 8697000
370 8888000
370 8356000
370 8852000
370 8554000
370 9554000
370 9039000
370 9181000
370 9136000
370 8523000
370 8432000
380 10028000
380 8809000
380 9445000
380 9472000
380 8836000
380 9716000
380 9671000
380 8793000
380 9642000
380 9479000
380 9607000
380 9336000
380 9057000
380 9301000
380 9020000
380 9077000
380 9304000
380 9525000
380 9676000
380 9325000
390 9742000
390 9644000
390 9631000
390 9687000
390 9872000
390 10091000
390 9740000
390 9614000
390 9213000
390 9363000
390 9124000
390 9967000
390 9648000
390 9287000
390 9445000
390 9479000
390 9623000
390 9722000
390 9142000
390 9539000
400 9987000
400 10180000
400 9691000
400 9723000
400 9923000
400 9468000
400 9854000
400 9518000
400 9991000
400 10203000
400 10670000
400 10587000
400 11005000
400 10182000
400 10045000
400 9766000
400 10218000
400 9745000
400 9908000
400 9994000
410 10499000
410 10224000
410 9815000
410 11022000
410 9834000
410 10437000
410 11302000
410 11727000
410 10282000
410 11441000
410 11354000
410 10810000
410 10339000
410 10200000
410 10320000
410 10240000
410 10466000
410 9556000
410 10370000
410 10393000
420 11495000
420 10647000
420 9984000
420 10171000
420 10339000
420 10602000
420 10269000
420 10748000
420 10483000
420 10407000
420 10405000
420 10775000
420 9860000
420 10424000
420 10052000
420 10190000
420 10625000
420 10187000
420 10289000
420 10847000
430 11432000
430 11101000
430 10475000
430 11146000
430 10590000
430 10582000
430 10626000
430 10956000
430 10946000
430 10792000
430 10603000
430 11345000
430 10494000
430 10881000
430 10264000
430 10711000
430 10862000
430 10718000
430 10447000
430 10691000
440 11669000
440 11381000
440 11326000
440 11617000
440 11539000
440 11118000
440 10691000
440 11219000
440 10937000
440 11671000
440 11239000
440 11494000
440 11018000
440 10757000
440 10792000
440 11737000
440 11853000
440 11311000
440 11598000
440 11216000
450 12298000
450 11937000
450 11980000
450 11625000
450 11800000
450 11253000
450 11455000
450 11583000
450 11644000
450 11342000
450 11280000
450 11194000
450 11444000
450 11928000
450 11758000
450 11476000
450 11328000
450 11802000
450 11404000
450 11656000
460 13164000
460 11922000
460 12253000
460 12610000
460 12380000
460 12429000
460 11996000
460 12071000
460 12337000
460 12525000
460 12596000
460 12610000
460 12135000
460 12384000
460 12001000
460 12400000
460 12005000
460 12231000
460 12974000
460 12501000
470 12660000
470 13196000
470 13396000
470 12827000
470 14790000
470 12773000
470 12511000
470 12444000
470 12588000
470 12416000
470 12648000
470 12507000
470 12916000
470 12616000
470 12628000
470 12240000
470 12629000
470 12574000
470 12500000
470 12448000
480 13776000
480 13019000
480 13431000
480 13786000
480 13356000
480 13298000
480 13888000
480 13348000
480 13515000
480 13705000
480 14111000
480 13260000
480 12751000
480 13519000
480 13123000
480 12809000
480 12963000
480 12446000
480 13389000
480 12439000
490 13763000
490 13156000
490 13368000
490 13473000
490 13373000
490 13963000
490 13191000
490 14006000
490 13157000
490 13437000
490 13680000
490 13214000
490 13250000
490 13265000
490 13331000
490 13326000
490 13694000
490 13552000
490 13008000
490 13499000
500 15504000
500 13903000
500 14087000
500 14022000
500 14223000
500 13882000
500 13422000
500 13863000
500 13708000
500 14367000
500 13831000
500 13988000
500 14044000
500 14248000
500 14344000
500 13504000
500 14564000
500 13692000
500 13913000
500 14015000
