1000 66999000
1000 67772000
1000 65796000
1000 65362000
1000 67920000
1000 69648000
1000 72484000
1000 68843000
1000 66905000
1000 74647000
1000 73828000
1000 66469000
1000 69204000
1000 66808000
1000 74841000
1000 93855000
1000 72332000
1000 68123000
1000 69015000
1000 67737000
1000 66398000
1000 67416000
1000 70232000
1000 68201000
1000 67355000
1000 70086000
1000 69030000
1000 66902000
1000 67221000
1000 67121000
1000 66050000
1000 67019000
1000 66342000
1000 66142000
1000 72007000
1000 68160000
1000 74725000
1000 67646000
1000 73007000
1000 68323000
1000 68391000
1000 68024000
1000 72110000
1000 75391000
1000 81472000
1000 72817000
1000 67157000
1000 69192000
1000 69012000
1000 67875000
1500 165537000
1500 159632000
1500 159285000
1500 164351000
1500 168424000
1500 182936000
1500 176737000
1500 164811000
1500 161465000
1500 161308000
1500 204158000
1500 163453000
1500 157823000
1500 179068000
1500 180891000
1500 165232000
1500 172365000
1500 167004000
1500 168280000
1500 155479000
1500 155490000
1500 159217000
1500 153183000
1500 150719000
1500 151195000
1500 171116000
1500 151762000
1500 153446000
1500 151594000
1500 150124000
1500 152644000
1500 154622000
1500 152420000
1500 152337000
1500 151918000
1500 153280000
1500 153004000
1500 156228000
1500 153773000
1500 151133000
1500 152565000
1500 153235000
1500 151273000
1500 158860000
1500 159797000
1500 152213000
1500 151714000
1500 151939000
1500 151540000
1500 150204000
2000 262350000
2000 274263000
2000 273391000
2000 255965000
2000 260017000
2000 281085000
2000 281714000
2000 313422000
2000 296078000
2000 284544000
2000 286725000
2000 271612000
2000 257036000
2000 270971000
2000 257274000
2000 254656000
2000 279397000
2000 269834000
2000 279830000
2000 262165000
2000 264319000
2000 296156000
2000 259997000
2000 278907000
2000 255541000
2000 261318000
2000 257046000
2000 254612000
2000 254084000
2000 250789000
2000 257857000
2000 262236000
2000 254494000
2000 260087000
2000 256965000
2000 253351000
2000 254750000
2000 273993000
2000 261407000
2000 260437000
2000 253463000
2000 253361000
2000 260365000
2000 260780000
2000 267583000
2000 260715000
2000 250125000
2000 252587000
2000 263805000
2000 269909000
2500 456077000
2500 451754000
2500 440191000
2500 442151000
2500 456342000
2500 449565000
2500 442657000
2500 445575000
2500 443248000
2500 443194000
2500 442408000
2500 456746000
2500 451785000
2500 455256000
2500 440657000
2500 459453000
2500 443309000
2500 456537000
2500 446640000
2500 453719000
2500 456549000
2500 453386000
2500 441080000
2500 451291000
2500 440645000
2500 436195000
2500 457283000
2500 451480000
2500 442547000
2500 445347000
2500 486950000
2500 455063000
2500 460966000
2500 459883000
2500 452701000
2500 465708000
2500 446695000
2500 507312000
2500 492833000
2500 547569000
2500 452365000
2500 449792000
2500 453633000
2500 473528000
2500 446369000
2500 485912000
2500 477745000
2500 510126000
2500 452173000
2500 439637000
3000 607101000
3000 626166000
3000 633243000
3000 623685000
3000 627590000
3000 621146000
3000 617673000
3000 633546000
3000 604284000
3000 603736000
3000 598530000
3000 597268000
3000 618091000
3000 613730000
3000 613602000
3000 610687000
3000 599901000
3000 621657000
3000 652255000
3000 648418000
3000 624949000
3000 607168000
3000 637096000
3000 644673000
3000 627794000
3000 640309000
3000 610978000
3000 596057000
3000 648001000
3000 652191000
3000 610792000
3000 603274000
3000 627591000
3000 629368000
3000 659249000
3000 641264000
3000 652704000
3000 671127000
3000 616810000
3000 606480000
3000 666302000
3000 619380000
3000 619607000
3000 606290000
3000 621838000
3000 635216000
3000 612509000
3000 609191000
3000 612833000
3000 728051000
3500 836615000
3500 936554000
3500 834128000
3500 848311000
3500 843140000
3500 917680000
3500 863406000
3500 838540000
3500 841396000
3500 858416000
3500 867124000
3500 832821000
3500 808444000
3500 805602000
3500 836828000
3500 860360000
3500 826664000
3500 848101000
3500 852278000
3500 860240000
3500 831589000
3500 813333000
3500 810889000
3500 809068000
3500 841594000
3500 824172000
3500 811935000
3500 860645000
3500 880770000
3500 854961000
3500 809540000
3500 842767000
3500 819790000
3500 837887000
3500 815846000
3500 917819000
3500 813123000
3500 840886000
3500 867891000
3500 870105000
3500 805006000
3500 822750000
3500 823408000
3500 841057000
3500 806386000
3500 824576000
3500 828375000
3500 846241000
3500 808876000
3500 799232000
4000 1027789000
4000 1062933000
4000 1019818000
4000 1035823000
4000 1057372000
4000 1097129000
4000 1031843000
4000 1042330000
4000 1027984000
4000 1023439000
4000 1043339000
4000 1067441000
4000 1028400000
4000 1047048000
4000 1072577000
4000 1063700000
4000 1161600000
4000 1044657000
4000 1069342000
4000 1043102000
4000 1023131000
4000 1058590000
4000 1079801000
4000 1061915000
4000 1038796000
4000 1061041000
4000 1052165000
4000 1051888000
4000 1030432000
4000 1056819000
4000 1081473000
4000 1050713000
4000 1024929000
4000 1043868000
4000 1081070000
4000 1065404000
4000 1024811000
4000 1050482000
4000 1063150000
4000 1083611000
4000 1017876000
4000 1052560000
4000 1076855000
4000 1072126000
4000 1029999000
4000 1040863000
4000 1085655000
4000 1055065000
4000 1039998000
4000 1054338000
4500 1559674000
4500 1564409000
4500 1537639000
4500 1592737000
4500 1513056000
4500 1564585000
4500 1528762000
4500 1510852000
4500 1570060000
4500 1569095000
4500 1583467000
4500 1566762000
4500 1573141000
4500 1559269000
4500 1488781000
4500 1562209000
4500 1506306000
4500 1535258000
4500 1477400000
4500 1507009000
4500 1546785000
4500 1539300000
4500 1544190000
4500 1536381000
4500 1488871000
4500 1539082000
4500 1498212000
4500 1532514000
4500 1496364000
4500 1538792000
4500 1478474000
4500 1495485000
4500 1556378000
4500 1558121000
4500 1561807000
4500 1582590000
4500 1515532000
4500 1569694000
4500 1569968000
4500 1598296000
4500 1553893000
4500 1586328000
4500 1519275000
4500 1510661000
4500 1584071000
4500 1597189000
4500 1572818000
4500 1554156000
4500 1500002000
4500 1577948000
5000 1820586000
5000 1865152000
5000 1828297000
5000 1885981000
5000 1838181000
5000 2021305000
5000 1931864000
5000 1932902000
5000 1994001000
5000 1993622000
5000 1986637000
5000 1960660000
5000 1939629000
5000 1953944000
5000 1916898000
5000 1903230000
5000 1895496000
5000 1910557000
5000 1900617000
5000 1869948000
5000 1822670000
5000 1875142000
5000 1824946000
5000 1880929000
5000 1819864000
5000 1882143000
5000 1826392000
5000 1884462000
5000 1827426000
5000 1883382000
5000 1806306000
5000 1826702000
5000 1901670000
5000 1903996000
5000 1907508000
5000 1905808000
5000 1900711000
5000 1901225000
5000 1898918000
5000 1913599000
5000 1896351000
5000 1901805000
5000 1917315000
5000 1891370000
5000 1834219000
5000 1894977000
5000 1843380000
5000 1892856000
5000 1834209000
5000 1925983000
