0 1.0 -2.801520985228061 -1.98411064855554 0.8174103366725209
1 0.5 -2.5053426216103047 -1.98411064855554 0.5212319730547648
2 0.25 -2.269704783483693 -1.98411064855554 0.285594134928153
3 0.125 -2.1326460633377735 -1.98411064855554 0.14853541478223353
4 0.0625 -2.059743426229673 -1.98411064855554 0.07563277767413301
5 0.03125 -2.022259253399298 -1.98411064855554 0.03814860484375804
6 0.015625 -2.003266851853425 -1.98411064855554 0.019156203297885144
7 0.0078125 -1.9937090799582506 -1.98411064855554 0.009598431402710661
8 0.00390625 -1.988914928430404 -1.98411064855554 0.0048042798748639814
9 0.001953125 -1.9865140522479123 -1.98411064855554 0.0024034036923723523
10 0.0009765625 -1.985312666054142 -1.98411064855554 0.0012020174986020482
11 0.00048828125 -1.984711736182362 -1.98411064855554 0.0006010876268220944
12 0.000244140625 -1.9844112120827049 -1.98411064855554 0.00030056352716489876
13 0.0001220703125 -1.98426093524904 -1.98411064855554 0.00015028669349992363
14 6.103515625e-5 -1.9841857931314735 -1.98411064855554 7.514457593349455e-5
15 3.0517578125e-5 -1.9841482211486436 -1.98411064855554 3.757259310366301e-5
16 1.52587890625e-5 -1.9841294349171221 -1.98411064855554 1.8786361582145972e-5
17 7.62939453125e-6 -1.9841200417140499 -1.98411064855554 9.393158509896082e-6
18 3.814697265625e-6 -1.9841153451707214 -1.98411064855554 4.696615181432051e-6
19 1.9073486328125e-6 -1.9841129968408495 -1.98411064855554 2.348285309539122e-6
20 9.5367431640625e-7 -1.9841118226759136 -1.98411064855554 1.1741203735926575e-6
21 4.76837158203125e-7 -1.9841112354770303 -1.98411064855554 5.869214902975983e-7
22 2.384185791015625e-7 -1.9841109421104193 -1.98411064855554 2.935548792937226e-7
23 1.1920928955078125e-7 -1.9841107949614525 -1.98411064855554 1.46405912504477e-7
24 5.960464477539063e-8 -1.9841107204556465 -1.98411064855554 7.19001065352387e-8
25 2.9802322387695312e-8 -1.9841106832027435 -1.98411064855554 3.4647203550619565e-8
26 1.4901161193847656e-8 -1.9841106832027435 -1.98411064855554 3.4647203550619565e-8
27 7.450580596923828e-9 -1.9841105937957764 -1.98411064855554 5.475976361246637e-8
28 3.725290298461914e-9 -1.9841105937957764 -1.98411064855554 5.475976361246637e-8
29 1.862645149230957e-9 -1.9841108322143555 -1.98411064855554 1.8365881548909613e-7
30 9.313225746154785e-10 -1.9841108322143555 -1.98411064855554 1.8365881548909613e-7
31 4.656612873077393e-10 -1.9841108322143555 -1.98411064855554 1.8365881548909613e-7
32 2.3283064365386963e-10 -1.9841117858886719 -1.98411064855554 1.1373331318953461e-6
33 1.1641532182693481e-10 -1.9841079711914062 -1.98411064855554 2.677364133729654e-6
34 5.820766091346741e-11 -1.9841156005859375 -1.98411064855554 4.952030397520346e-6
35 2.9103830456733704e-11 -1.984100341796875 -1.98411064855554 1.0306758664979654e-5
36 1.4551915228366852e-11 -1.984100341796875 -1.98411064855554 1.0306758664979654e-5
37 7.275957614183426e-12 -1.98406982421875 -1.98411064855554 4.0824336789979654e-5
38 3.637978807091713e-12 -1.984130859375 -1.98411064855554 2.0210819460020346e-5
39 1.8189894035458565e-12 -1.98388671875 -1.98411064855554 0.00022392980553997965
40 9.094947017729282e-13 -1.984375 -1.98411064855554 0.00026435144446002035
41 4.547473508864641e-13 -1.9833984375 -1.98411064855554 0.0007122110555399797
42 2.2737367544323206e-13 -1.984375 -1.98411064855554 0.00026435144446002035
43 1.1368683772161603e-13 -1.984375 -1.98411064855554 0.00026435144446002035
44 5.684341886080802e-14 -1.9765625 -1.98411064855554 0.00754814855553998
45 2.842170943040401e-14 -1.984375 -1.98411064855554 0.00026435144446002035
46 1.4210854715202004e-14 -1.96875 -1.98411064855554 0.01536064855553998
47 7.105427357601002e-15 -2.0 -1.98411064855554 0.01588935144446002
48 3.552713678800501e-15 -1.875 -1.98411064855554 0.10911064855553998
49 1.7763568394002505e-15 -2.0 -1.98411064855554 0.01588935144446002
50 8.881784197001252e-16 -2.0 -1.98411064855554 0.01588935144446002
51 4.440892098500626e-16 -2.0 -1.98411064855554 0.01588935144446002
52 2.220446049250313e-16 -2.0 -1.98411064855554 0.01588935144446002
53 1.1102230246251565e-16 0.0 -1.98411064855554 1.98411064855554
54 5.551115123125783e-17 0.0 -1.98411064855554 1.98411064855554