1 0.0077822185373186414 0.0077822185373187065
2 0.00012206286282867573 0.00012206286282875901
3 1.9073468138230965e-6 1.907346813826566e-6
4 2.9802321943606103e-8 2.9802321943606116e-8
5 4.656612873077393e-10 4.6566128719931904e-10
6 7.275957614183426e-12 7.275957614156956e-12
7 1.1368683772161603e-13 1.1368683772160957e-13
8 1.7763568394002505e-15 1.7763568394002489e-15
9 0.0 2.7755575615628914e-17
10 0.0 4.336808689942018e-19
11 0.0 6.776263578034403e-21
12 0.0 1.0587911840678754e-22
13 0.0 1.6543612251060553e-24
14 0.0 2.5849394142282115e-26
15 0.0 4.0389678347315804e-28
16 0.0 6.310887241768095e-30
17 0.0 9.860761315262648e-32
18 0.0 1.5407439555097887e-33
19 0.0 2.407412430484045e-35
20 0.0 3.76158192263132e-37
21 0.0 5.877471754111438e-39
22 0.0 9.183549615799121e-41
23 0.0 1.4349296274686127e-42
24 0.0 2.2420775429197073e-44
25 0.0 3.503246160812043e-46
26 0.0 5.473822126268817e-48
27 0.0 8.552847072295026e-50
28 0.0 1.3363823550460978e-51
29 0.0 2.088097429759528e-53
30 0.0 3.2626522339992623e-55
31 0.0 5.0978941156238473e-57
32 0.0 7.965459555662261e-59
33 0.0 1.2446030555722283e-60
34 0.0 1.9446922743316068e-62
35 0.0 3.0385816786431356e-64
36 0.0 4.7477838728798994e-66
37 0.0 7.418412301374843e-68
38 0.0 1.1591269220898192e-69
39 0.0 1.8111358157653425e-71
40 0.0 2.8298997121333476e-73
41 0.0 4.421718300208356e-75
42 0.0 6.908934844075556e-77
43 0.0 1.0795210693868056e-78
44 0.0 1.6867516709168837e-80
45 0.0 2.635549485807631e-82
46 0.0 4.118046071574423e-84
47 0.0 6.434446986835036e-86
48 0.0 1.0053823416929744e-87
49 0.0 1.5709099088952725e-89
50 0.0 2.4545467326488633e-91
51 0.0 3.835229269763849e-93
52 0.0 5.992545734006014e-95
53 0.0 9.363352709384397e-97
54 0.0 1.463023860841312e-98
55 0.0 2.28597478256455e-100
56 0.0 3.5718355977571093e-102
57 0.0 5.5809931214954833e-104
58 0.0 8.720301752336693e-106
59 0.0 1.3625471488026082e-107
60 0.0 2.1289799200040754e-109
61 0.0 3.326531125006368e-111
62 0.0 5.19770488282245e-113
63 0.0 8.121413879410078e-115
64 0.0 1.2689709186578246e-116
65 0.0 1.982767060402851e-118
66 0.0 3.0980735318794546e-120
67 0.0 4.840739893561648e-122
68 0.0 7.563656083690075e-124
69 0.0 1.1818212630765742e-125
70 0.0 1.8465957235571472e-127
71 0.0 2.8853058180580424e-129
72 0.0 4.5082903407156913e-131
73 0.0 7.044203657368268e-133
74 0.0 1.1006568214637918e-134
75 0.0 1.7197762835371747e-136
76 0.0 2.6871504430268355e-138
77 0.0 4.1986725672294305e-140
78 0.0 6.560425886295985e-142
79 0.0 1.0250665447337477e-143
80 0.0 1.6016664761464807e-145
81 0.0 2.5026038689788762e-147
82 0.0 3.910318545279494e-149
83 0.0 6.10987272699921e-151
84 0.0 9.546676135936265e-153
85 0.0 1.4916681462400413e-154
86 0.0 2.3307314785000646e-156
87 0.0 3.641767935156351e-158
88 0.0 5.6902623986817984e-160
89 0.0 8.89103499794031e-162
90 0.0 1.3892242184281734e-163
91 0.0 2.170662841294021e-165
92 0.0 3.391660689521908e-167
93 0.0 5.299469827377981e-169
94 0.0 8.280421605278095e-171
95 0.0 1.2938158758247024e-172
96 0.0 2.0215873059760975e-174
97 0.0 3.1587301655876523e-176
98 0.0 4.935515883730707e-178
99 0.0 7.71174356832923e-180
100 0.0 1.204959932551442e-181
101 0.0 1.8827498946116282e-183
102 0.0 2.941796710330669e-185
103 0.0 4.5965573598916705e-187
104 0.0 7.182120874830735e-189
105 0.0 1.1222063866923024e-190
106 0.0 1.7534474792067224e-192
107 0.0 2.739761686260504e-194
108 0.0 4.280877634782037e-196
109 0.0 6.688871304346933e-198
110 0.0 1.0451361413042083e-199
111 0.0 1.6330252207878255e-201
112 0.0 2.5516019074809773e-203
113 0.0 3.986877980439027e-205
114 0.0 6.22949684443598e-207
115 0.0 9.733588819431218e-209
116 0.0 1.520873253036128e-210
117 0.0 2.37636445786895e-212
118 0.0 3.713069465420234e-214
119 0.0 5.801671039719116e-216
120 0.0 9.065110999561118e-218
121 0.0 1.4164235936814247e-219
122 0.0 2.2131618651272261e-221
123 0.0 3.458065414261291e-223
124 0.0 5.403227209783267e-225
125 0.0 8.442542515286355e-227
126 0.0 1.319147268013493e-228
127 0.0 2.0611676062710827e-230
128 0.0 3.220574384798567e-232
129 0.0 5.0321474762477604e-234
130 0.0 7.862730431637126e-236
131 0.0 1.228551629943301e-237
132 0.0 1.9196119217864076e-239
133 0.0 2.999393627791262e-241
134 0.0 4.686552543423847e-243
135 0.0 7.322738349099761e-245
136 0.0 1.1441778670468376e-246
137 0.0 1.7877779172606837e-248
138 0.0 2.7934029957198183e-250
139 0.0 4.364692180812216e-252
140 0.0 6.819831532519088e-254
141 0.0 1.0655986769561075e-255
142 0.0 1.664997932743918e-257
143 0.0 2.6015592699123717e-259
144 0.0 4.064936359238081e-261
145 0.0 6.351463061309501e-263
146 0.0 9.924161033296096e-265
147 0.0 1.550650161452515e-266
148 0.0 2.4228908772695546e-268
149 0.0 3.785766995733679e-270
150 0.0 5.915260930833874e-272
151 0.0 9.242595204427927e-274
152 0.0 1.4441555006918637e-275
153 0.0 2.256492969831037e-277
154 0.0 3.5257702653609953e-279
155 0.0 5.509016039626555e-281
156 0.0 8.607837561916492e-283
157 0.0 1.344974619049452e-284
158 0.0 2.1015228422647686e-286
159 0.0 3.283629441038701e-288
160 0.0 5.1306710016229703e-290
161 0.0 8.016673440035891e-292
162 0.0 1.252605225005608e-293
163 0.0 1.9571956640712625e-295
164 0.0 3.0581182251113476e-297
165 0.0 4.778309726736481e-299
166 0.0 7.466108948025751e-301
167 0.0 1.1665795231290236e-302
168 0.0 1.8227805048890994e-304
169 0.0 2.848094538889218e-306
170 0.0 4.450147717014403e-308
171 0.0 6.953355807835e-310
172 0.0 1.086461844974e-311
173 0.0 1.69759663277e-313
174 0.0 2.65249474e-315
175 0.0 4.144523e-317
176 0.0 6.4758e-319
177 0.0 1.012e-320
178 0.0 1.6e-322
179 0.0 0.0
180 0.0 0.0
181 0.0 0.0
182 0.0 0.0
183 0.0 0.0
184 0.0 0.0
185 0.0 0.0
186 0.0 0.0
187 0.0 0.0
188 0.0 0.0
189 0.0 0.0
190 0.0 0.0
191 0.0 0.0
192 0.0 0.0
193 0.0 0.0
194 0.0 0.0
195 0.0 0.0
196 0.0 0.0
197 0.0 0.0
198 0.0 0.0
199 0.0 0.0
200 0.0 0.0
201 0.0 0.0
202 0.0 0.0
203 0.0 0.0
204 0.0 0.0
205 0.0 0.0
206 0.0 0.0
207 0.0 0.0
208 0.0 0.0
209 0.0 0.0
210 0.0 0.0
211 0.0 0.0
212 0.0 0.0
213 0.0 0.0
214 0.0 0.0
215 0.0 0.0
216 0.0 0.0
217 0.0 0.0
218 0.0 0.0
219 0.0 0.0
220 0.0 0.0
221 0.0 0.0
222 0.0 0.0
223 0.0 0.0
224 0.0 0.0
225 0.0 0.0
226 0.0 0.0
227 0.0 0.0
228 0.0 0.0
229 0.0 0.0
230 0.0 0.0
231 0.0 0.0
232 0.0 0.0
233 0.0 0.0
234 0.0 0.0
235 0.0 0.0
236 0.0 0.0
237 0.0 0.0
238 0.0 0.0
239 0.0 0.0
240 0.0 0.0
241 0.0 0.0
242 0.0 0.0
243 0.0 0.0
244 0.0 0.0
245 0.0 0.0
246 0.0 0.0
247 0.0 0.0
248 0.0 0.0
249 0.0 0.0
250 0.0 0.0
251 0.0 0.0
252 0.0 0.0
253 0.0 0.0
254 0.0 0.0
255 0.0 0.0
256 0.0 0.0
257 0.0 0.0
258 0.0 0.0
259 0.0 0.0
260 0.0 0.0
261 0.0 0.0
262 0.0 0.0
263 0.0 0.0
264 0.0 0.0
265 0.0 0.0
266 0.0 0.0
267 0.0 0.0
268 0.0 0.0
269 0.0 0.0
270 0.0 0.0
271 0.0 0.0
272 0.0 0.0
273 0.0 0.0
274 0.0 0.0
275 0.0 0.0
276 0.0 0.0
277 0.0 0.0
278 0.0 0.0
279 0.0 0.0
280 0.0 0.0
281 0.0 0.0
282 0.0 0.0
283 0.0 0.0
284 0.0 0.0
285 0.0 0.0
286 0.0 0.0
287 0.0 0.0
288 0.0 0.0
289 0.0 0.0
290 0.0 0.0
291 0.0 0.0
292 0.0 0.0
293 0.0 0.0
294 0.0 0.0
295 0.0 0.0
296 0.0 0.0
297 0.0 0.0
298 0.0 0.0
299 0.0 0.0
300 0.0 0.0
301 0.0 0.0
302 0.0 0.0
303 0.0 0.0
304 0.0 0.0
305 0.0 0.0
306 0.0 0.0
307 0.0 0.0
308 0.0 0.0
309 0.0 0.0
310 0.0 0.0
311 0.0 0.0
312 0.0 0.0
313 0.0 0.0
314 0.0 0.0
315 0.0 0.0
316 0.0 0.0
317 0.0 0.0
318 0.0 0.0
319 0.0 0.0
320 0.0 0.0
321 0.0 0.0
322 0.0 0.0
323 0.0 0.0
324 0.0 0.0
325 0.0 0.0
326 0.0 0.0
327 0.0 0.0
328 0.0 0.0
329 0.0 0.0
330 0.0 0.0
331 0.0 0.0
332 0.0 0.0
333 0.0 0.0
334 0.0 0.0
335 0.0 0.0
336 0.0 0.0
337 0.0 0.0
338 0.0 0.0
339 0.0 0.0
340 0.0 0.0
341 0.0 0.0
342 0.0 0.0
343 0.0 0.0
344 0.0 0.0
345 0.0 0.0
346 0.0 0.0
347 0.0 0.0
348 0.0 0.0
349 0.0 0.0
350 0.0 0.0
351 0.0 0.0
352 0.0 0.0
353 0.0 0.0
354 0.0 0.0
355 0.0 0.0
356 0.0 0.0
357 0.0 0.0
358 0.0 0.0