100 4.99
100 5
100 5
100 5
100 4.99
100 4.99
100 4.99
100 4.99
100 5
100 4.99
100 4.99
100 5
100 4.99
100 4.99
100 4.99
100 4.99
100 5
100 5
100 5
100 5
100 4.99
100 5
100 4.99
100 4.99
100 5
100 4.99
100 5
100 5
100 5
100 5
100 5
100 5
100 5
100 4.99
100 4.99
100 4.99
100 5
100 5
100 4.99
100 4.99
100 5
100 4.99
100 4.99
100 4.99
100 4.99
100 4.99
100 5
100 5
100 4.99
100 4.99
200 5
200 5
200 4.995
200 4.995
200 5
200 5
200 4.995
200 4.995
200 5
200 5
200 5
200 4.995
200 4.995
200 5
200 4.995
200 4.995
200 5
200 4.995
200 5
200 4.995
200 4.995
200 4.995
200 5
200 5
200 5
200 4.995
200 4.995
200 5
200 5
200 5
200 4.995
200 4.995
200 5
200 4.995
200 4.995
200 5
200 5
200 4.995
200 4.995
200 5
200 5
200 5
200 5
200 4.995
200 4.995
200 5
200 4.995
200 5
200 4.995
200 5
300 5
300 5
300 5
300 4.99667
300 5
300 4.99667
300 4.99667
300 5
300 4.99667
300 5
300 4.99667
300 4.99667
300 4.99667
300 5
300 5
300 4.99667
300 5
300 5
300 4.99667
300 5
300 5
300 4.99667
300 5
300 4.99667
300 5
300 4.99667
300 4.99667
300 4.99667
300 5
300 4.99667
300 5
300 5
300 4.99667
300 4.99667
300 5
300 4.99667
300 5
300 5
300 4.99667
300 4.99667
300 4.99667
300 5
300 4.99667
300 4.99667
300 5
300 5
300 5
300 5
300 5
300 4.99667
400 5
400 5
400 5
400 5
400 5
400 4.9975
400 5
400 4.9975
400 4.9975
400 4.9975
400 5
400 5
400 4.9975
400 5
400 5
400 5
400 4.9975
400 5
400 4.9975
400 5
400 5
400 4.9975
400 4.9975
400 5
400 5
400 5
400 4.9975
400 4.9975
400 4.9975
400 4.9975
400 4.9975
400 4.9975
400 4.9975
400 5
400 5
400 5
400 5
400 4.9975
400 5
400 5
400 4.9975
400 4.9975
400 5
400 5
400 5
400 4.9975
400 5
400 4.9975
400 4.9975
400 5
500 4.998
500 5
500 4.998
500 4.998
500 5
500 5
500 5
500 4.998
500 5
500 4.998
500 5
500 4.998
500 5
500 5
500 5
500 4.998
500 4.998
500 4.998
500 4.998
500 4.998
500 4.998
500 5
500 5
500 4.998
500 4.998
500 5
500 5
500 4.998
500 5
500 5
500 5
500 5
500 5
500 4.998
500 4.998
500 4.998
500 5
500 5
500 5
500 4.998
500 5
500 4.998
500 4.998
500 5
500 4.998
500 5
500 4.998
500 5
500 4.998
500 4.998
600 4.99833
600 5
600 5
600 4.99833
600 4.99833
600 5
600 4.99833
600 4.99833
600 5
600 4.99833
600 5
600 5
600 4.99833
600 5
600 4.99833
600 5
600 5
600 5
600 5
600 4.99833
600 5
600 5
600 5
600 4.99833
600 5
600 5
600 5
600 5
600 5
600 5
600 4.99833
600 5
600 5
600 4.99833
600 5
600 4.99833
600 4.99833
600 5
600 5
600 4.99833
600 5
600 4.99833
600 5
600 5
600 5
600 5
600 5
600 5
600 5
600 4.99833
700 5
700 5
700 4.99857
700 5
700 5
700 5
700 5
700 5
700 5
700 4.99857
700 5
700 4.99857
700 5
700 4.99857
700 4.99857
700 5
700 5
700 4.99857
700 4.99857
700 5
700 4.99857
700 5
700 4.99857
700 4.99857
700 5
700 5
700 4.99857
700 4.99857
700 5
700 5
700 4.99857
700 5
700 4.99857
700 5
700 4.99857
700 4.99857
700 4.99857
700 5
700 5
700 5
700 5
700 4.99857
700 5
700 4.99857
700 4.99857
700 4.99857
700 5
700 4.99857
700 4.99857
700 4.99857
800 5
800 5
800 5
800 5
800 5
800 5
800 4.99875
800 5
800 5
800 5
800 5
800 4.99875
800 4.99875
800 5
800 4.99875
800 4.99875
800 5
800 4.99875
800 4.99875
800 4.99875
800 5
800 4.99875
800 5
800 5
800 4.99875
800 4.99875
800 5
800 4.99875
800 4.99875
800 5
800 4.99875
800 4.99875
800 4.99875
800 5
800 5
800 4.99875
800 5
800 5
800 5
800 4.99875
800 4.99875
800 4.99875
800 4.99875
800 5
800 5
800 5
800 5
800 5
800 5
800 5
900 4.99889
900 4.99889
900 5
900 5
900 5
900 5
900 5
900 4.99889
900 5
900 4.99889
900 4.99889
900 4.99889
900 5
900 4.99889
900 4.99889
900 5
900 5
900 4.99889
900 4.99889
900 5
900 4.99889
900 5
900 4.99889
900 4.99889
900 4.99889
900 5
900 4.99889
900 5
900 4.99889
900 4.99889
900 5
900 5
900 5
900 5
900 4.99889
900 4.99889
900 5
900 5
900 4.99889
900 4.99889
900 5
900 4.99889
900 4.99889
900 4.99889
900 4.99889
900 4.99889
900 4.99889
900 4.99889
900 4.99889
900 5
1000 5
1000 4.999
1000 4.999
1000 5
1000 5
1000 4.999
1000 4.999
1000 5
1000 4.999
1000 5
1000 5
1000 4.999
1000 4.999
1000 5
1000 4.999
1000 4.999
1000 5
1000 4.999
1000 4.999
1000 5
1000 5
1000 5
1000 5
1000 5
1000 5
1000 5
1000 5
1000 4.999
1000 5
1000 5
1000 4.999
1000 4.999
1000 4.999
1000 4.999
1000 5
1000 5
1000 4.999
1000 4.999
1000 5
1000 4.999
1000 4.999
1000 5
1000 5
1000 4.999
1000 5
1000 5
1000 4.999
1000 5
1000 4.999
1000 4.999
1100 4.99909
1100 5
1100 5
1100 4.99909
1100 5
1100 4.99909
1100 4.99909
1100 5
1100 5
1100 5
1100 5
1100 4.99909
1100 5
1100 5
1100 5
1100 4.99909
1100 4.99909
1100 5
1100 4.99909
1100 4.99909
1100 5
1100 5
1100 4.99909
1100 5
1100 4.99909
1100 5
1100 4.99909
1100 4.99909
1100 4.99909
1100 5
1100 5
1100 4.99909
1100 4.99909
1100 5
1100 4.99909
1100 4.99909
1100 4.99909
1100 5
1100 5
1100 5
1100 5
1100 5
1100 5
1100 5
1100 5
1100 5
1100 4.99909
1100 4.99909
1100 4.99909
1100 5
1200 4.99917
1200 4.99917
1200 4.99917
1200 4.99917
1200 5
1200 4.99917
1200 5
1200 4.99917
1200 5
1200 5
1200 5
1200 5
1200 5
1200 5
1200 5
1200 4.99917
1200 4.99917
1200 4.99917
1200 5
1200 5
1200 4.99917
1200 4.99917
1200 5
1200 4.99917
1200 4.99917
1200 5
1200 5
1200 5
1200 4.99917
1200 5
1200 5
1200 4.99917
1200 4.99917
1200 5
1200 5
1200 5
1200 5
1200 5
1200 4.99917
1200 4.99917
1200 4.99917
1200 4.99917
1200 5
1200 4.99917
1200 4.99917
1200 5
1200 4.99917
1200 5
1200 5
1200 4.99917
1300 5
1300 4.99923
1300 4.99923
1300 5
1300 5
1300 4.99923
1300 4.99923
1300 5
1300 5
1300 4.99923
1300 4.99923
1300 5
1300 5
1300 4.99923
1300 4.99923
1300 4.99923
1300 4.99923
1300 4.99923
1300 5
1300 5
1300 4.99923
1300 5
1300 5
1300 5
1300 4.99923
1300 4.99923
1300 4.99923
1300 4.99923
1300 5
1300 5
1300 4.99923
1300 4.99923
1300 5
1300 4.99923
1300 4.99923
1300 4.99923
1300 4.99923
1300 4.99923
1300 5
1300 5
1300 5
1300 5
1300 4.99923
1300 5
1300 5
1300 5
1300 5
1300 4.99923
1300 4.99923
1300 4.99923
1400 4.99929
1400 5
1400 4.99929
1400 5
1400 5
1400 4.99929
1400 4.99929
1400 5
1400 4.99929
1400 5
1400 4.99929
1400 4.99929
1400 5
1400 5
1400 4.99929
1400 4.99929
1400 5
1400 5
1400 5
1400 4.99929
1400 4.99929
1400 5
1400 5
1400 5
1400 5
1400 4.99929
1400 5
1400 5
1400 5
1400 4.99929
1400 4.99929
1400 5
1400 5
1400 4.99929
1400 5
1400 5
1400 5
1400 4.99929
1400 5
1400 5
1400 5
1400 5
1400 4.99929
1400 4.99929
1400 5
1400 5
1400 4.99929
1400 5
1400 5
1400 4.99929
1500 5
1500 5
1500 5
1500 4.99933
1500 4.99933
1500 5
1500 4.99933
1500 5
1500 5
1500 5
1500 4.99933
1500 5
1500 4.99933
1500 4.99933
1500 4.99933
1500 4.99933
1500 5
1500 5
1500 5
1500 4.99933
1500 4.99933
1500 5
1500 5
1500 4.99933
1500 4.99933
1500 5
1500 5
1500 4.99933
1500 5
1500 5
1500 4.99933
1500 5
1500 5
1500 5
1500 4.99933
1500 5
1500 4.99933
1500 4.99933
1500 4.99933
1500 4.99933
1500 5
1500 5
1500 5
1500 4.99933
1500 5
1500 4.99933
1500 4.99933
1500 5
1500 4.99933
1500 4.99933
1600 4.99937
1600 4.99937
1600 5
1600 5
1600 5
1600 5
1600 5
1600 5
1600 5
1600 5
1600 5
1600 5
1600 5
1600 4.99937
1600 5
1600 5
1600 5
1600 4.99937
1600 5
1600 4.99937
1600 4.99937
1600 5
1600 4.99937
1600 5
1600 4.99937
1600 4.99937
1600 4.99937
1600 4.99937
1600 5
1600 5
1600 4.99937
1600 5
1600 4.99937
1600 4.99937
1600 5
1600 5
1600 5
1600 5
1600 5
1600 5
1600 4.99937
1600 5
1600 5
1600 4.99937
1600 5
1600 4.99937
1600 5
1600 4.99937
1600 4.99937
1600 5
1700 4.99941
1700 4.99941
1700 4.99941
1700 5
1700 5
1700 4.99941
1700 5
1700 5
1700 4.99941
1700 4.99941
1700 4.99941
1700 4.99941
1700 5
1700 5
1700 4.99941
1700 5
1700 5
1700 4.99941
1700 5
1700 5
1700 5
1700 4.99941
1700 5
1700 4.99941
1700 5
1700 4.99941
1700 4.99941
1700 4.99941
1700 4.99941
1700 5
1700 5
1700 4.99941
1700 5
1700 5
1700 4.99941
1700 5
1700 5
1700 4.99941
1700 4.99941
1700 4.99941
1700 5
1700 4.99941
1700 4.99941
1700 5
1700 4.99941
1700 5
1700 5
1700 5
1700 5
1700 4.99941
1800 5
1800 4.99944
1800 5
1800 5
1800 5
1800 4.99944
1800 5
1800 4.99944
1800 5
1800 5
1800 5
1800 5
1800 4.99944
1800 4.99944
1800 4.99944
1800 5
1800 4.99944
1800 4.99944
1800 5
1800 5
1800 4.99944
1800 5
1800 4.99944
1800 5
1800 4.99944
1800 4.99944
1800 5
1800 4.99944
1800 4.99944
1800 5
1800 4.99944
1800 5
1800 4.99944
1800 5
1800 4.99944
1800 4.99944
1800 4.99944
1800 4.99944
1800 4.99944
1800 5
1800 5
1800 4.99944
1800 5
1800 4.99944
1800 4.99944
1800 4.99944
1800 5
1800 5
1800 4.99944
1800 4.99944
1900 4.99947
1900 5
1900 4.99947
1900 5
1900 5
1900 4.99947
1900 5
1900 4.99947
1900 5
1900 4.99947
1900 4.99947
1900 4.99947
1900 5
1900 5
1900 4.99947
1900 4.99947
1900 4.99947
1900 4.99947
1900 5
1900 4.99947
1900 5
1900 5
1900 4.99947
1900 4.99947
1900 4.99947
1900 4.99947
1900 4.99947
1900 5
1900 4.99947
1900 4.99947
1900 5
1900 4.99947
1900 5
1900 4.99947
1900 4.99947
1900 4.99947
1900 4.99947
1900 5
1900 4.99947
1900 4.99947
1900 4.99947
1900 5
1900 4.99947
1900 4.99947
1900 5
1900 4.99947
1900 4.99947
1900 4.99947
1900 5
1900 5
2000 5
2000 5
2000 4.9995
2000 5
2000 4.9995
2000 5
2000 5
2000 4.9995
2000 5
2000 4.9995
2000 4.9995
2000 5
2000 4.9995
2000 4.9995
2000 5
2000 4.9995
2000 5
2000 5
2000 4.9995
2000 4.9995
2000 4.9995
2000 4.9995
2000 5
2000 4.9995
2000 4.9995
2000 5
2000 5
2000 5
2000 5
2000 5
2000 5
2000 4.9995
2000 4.9995
2000 5
2000 5
2000 4.9995
2000 4.9995
2000 5
2000 5
2000 5
2000 4.9995
2000 5
2000 5
2000 4.9995
2000 4.9995
2000 4.9995
2000 5
2000 4.9995
2000 4.9995
2000 4.9995
2100 4.99952
2100 4.99952
2100 5
2100 4.99952
2100 4.99952
2100 4.99952
2100 5
2100 4.99952
2100 4.99952
2100 5
2100 4.99952
2100 5
2100 5
2100 4.99952
2100 5
2100 5
2100 5
2100 5
2100 5
2100 5
2100 5
2100 4.99952
2100 4.99952
2100 4.99952
2100 5
2100 4.99952
2100 5
2100 4.99952
2100 4.99952
2100 5
2100 5
2100 4.99952
2100 5
2100 5
2100 5
2100 5
2100 5
2100 4.99952
2100 5
2100 5
2100 4.99952
2100 4.99952
2100 4.99952
2100 5
2100 5
2100 4.99952
2100 5
2100 4.99952
2100 5
2100 4.99952
2200 4.99955
2200 4.99955
2200 4.99955
2200 5
2200 5
2200 5
2200 5
2200 5
2200 4.99955
2200 5
2200 5
2200 4.99955
2200 4.99955
2200 4.99955
2200 4.99955
2200 4.99955
2200 5
2200 5
2200 5
2200 4.99955
2200 5
2200 4.99955
2200 5
2200 5
2200 4.99955
2200 4.99955
2200 4.99955
2200 5
2200 5
2200 4.99955
2200 5
2200 5
2200 5
2200 4.99955
2200 5
2200 5
2200 5
2200 5
2200 4.99955
2200 5
2200 5
2200 5
2200 5
2200 5
2200 4.99955
2200 5
2200 5
2200 5
2200 4.99955
2200 4.99955
2300 5
2300 4.99957
2300 5
2300 4.99957
2300 4.99957
2300 5
2300 4.99957
2300 5
2300 5
2300 5
2300 4.99957
2300 5
2300 5
2300 5
2300 4.99957
2300 5
2300 4.99957
2300 4.99957
2300 5
2300 4.99957
2300 5
2300 4.99957
2300 5
2300 4.99957
2300 5
2300 5
2300 4.99957
2300 4.99957
2300 5
2300 4.99957
2300 5
2300 4.99957
2300 4.99957
2300 4.99957
2300 4.99957
2300 5
2300 5
2300 4.99957
2300 4.99957
2300 5
2300 4.99957
2300 4.99957
2300 5
2300 5
2300 5
2300 4.99957
2300 5
2300 5
2300 5
2300 5
2400 5
2400 5
2400 4.99958
2400 5
2400 5
2400 5
2400 4.99958
2400 4.99958
2400 5
2400 5
2400 5
2400 4.99958
2400 4.99958
2400 5
2400 4.99958
2400 5
2400 4.99958
2400 5
2400 5
2400 4.99958
2400 5
2400 5
2400 4.99958
2400 4.99958
2400 5
2400 5
2400 5
2400 5
2400 5
2400 4.99958
2400 4.99958
2400 5
2400 4.99958
2400 4.99958
2400 5
2400 5
2400 4.99958
2400 4.99958
2400 4.99958
2400 5
2400 5
2400 4.99958
2400 5
2400 4.99958
2400 4.99958
2400 4.99958
2400 4.99958
2400 4.99958
2400 5
2400 4.99958
2500 4.9996
2500 5
2500 4.9996
2500 5
2500 4.9996
2500 4.9996
2500 4.9996
2500 5
2500 5
2500 5
2500 5
2500 5
2500 5
2500 4.9996
2500 5
2500 5
2500 5
2500 5
2500 4.9996
2500 4.9996
2500 4.9996
2500 4.9996
2500 4.9996
2500 4.9996
2500 5
2500 4.9996
2500 4.9996
2500 4.9996
2500 4.9996
2500 4.9996
2500 5
2500 5
2500 4.9996
2500 4.9996
2500 4.9996
2500 5
2500 4.9996
2500 5
2500 4.9996
2500 5
2500 5
2500 4.9996
2500 5
2500 5
2500 5
2500 4.9996
2500 4.9996
2500 5
2500 4.9996
2500 5
2600 5
2600 5
2600 4.99962
2600 5
2600 5
2600 5
2600 4.99962
2600 4.99962
2600 5
2600 4.99962
2600 4.99962
2600 4.99962
2600 5
2600 5
2600 4.99962
2600 4.99962
2600 4.99962
2600 5
2600 4.99962
2600 4.99962
2600 4.99962
2600 4.99962
2600 5
2600 5
2600 5
2600 4.99962
2600 4.99962
2600 5
2600 4.99962
2600 5
2600 5
2600 5
2600 5
2600 4.99962
2600 5
2600 5
2600 5
2600 5
2600 5
2600 4.99962
2600 4.99962
2600 5
2600 5
2600 4.99962
2600 4.99962
2600 5
2600 5
2600 5
2600 5
2600 4.99962
2700 5
2700 4.99963
2700 5
2700 5
2700 4.99963
2700 5
2700 5
2700 5
2700 5
2700 5
2700 5
2700 5
2700 4.99963
2700 4.99963
2700 4.99963
2700 4.99963
2700 5
2700 4.99963
2700 4.99963
2700 5
2700 4.99963
2700 4.99963
2700 5
2700 4.99963
2700 4.99963
2700 5
2700 5
2700 5
2700 5
2700 5
2700 4.99963
2700 4.99963
2700 5
2700 5
2700 4.99963
2700 4.99963
2700 4.99963
2700 5
2700 5
2700 4.99963
2700 5
2700 4.99963
2700 4.99963
2700 4.99963
2700 5
2700 5
2700 4.99963
2700 5
2700 4.99963
2700 4.99963
2800 5
2800 5
2800 5
2800 4.99964
2800 5
2800 4.99964
2800 5
2800 5
2800 4.99964
2800 4.99964
2800 5
2800 5
2800 4.99964
2800 5
2800 5
2800 4.99964
2800 4.99964
2800 5
2800 5
2800 4.99964
2800 5
2800 4.99964
2800 4.99964
2800 5
2800 4.99964
2800 4.99964
2800 5
2800 5
2800 4.99964
2800 4.99964
2800 5
2800 5
2800 4.99964
2800 5
2800 5
2800 5
2800 4.99964
2800 5
2800 5
2800 4.99964
2800 4.99964
2800 4.99964
2800 4.99964
2800 5
2800 5
2800 4.99964
2800 5
2800 4.99964
2800 4.99964
2800 4.99964
2900 5
2900 5
2900 4.99966
2900 4.99966
2900 5
2900 4.99966
2900 4.99966
2900 4.99966
2900 4.99966
2900 5
2900 4.99966
2900 5
2900 4.99966
2900 4.99966
2900 5
2900 5
2900 4.99966
2900 4.99966
2900 5
2900 5
2900 4.99966
2900 5
2900 5
2900 5
2900 5
2900 5
2900 4.99966
2900 4.99966
2900 4.99966
2900 4.99966
2900 5
2900 4.99966
2900 5
2900 5
2900 5
2900 4.99966
2900 5
2900 4.99966
2900 5
2900 4.99966
2900 4.99966
2900 4.99966
2900 4.99966
2900 4.99966
2900 5
2900 4.99966
2900 4.99966
2900 4.99966
2900 5
2900 4.99966
3000 5
3000 5
3000 4.99967
3000 5
3000 4.99967
3000 4.99967
3000 4.99967
3000 4.99967
3000 5
3000 5
3000 4.99967
3000 4.99967
3000 5
3000 4.99967
3000 5
3000 4.99967
3000 5
3000 5
3000 4.99967
3000 5
3000 5
3000 5
3000 5
3000 4.99967
3000 5
3000 5
3000 5
3000 4.99967
3000 5
3000 5
3000 4.99967
3000 5
3000 5
3000 5
3000 5
3000 5
3000 4.99967
3000 5
3000 5
3000 4.99967
3000 5
3000 4.99967
3000 5
3000 4.99967
3000 4.99967
3000 4.99967
3000 5
3000 4.99967
3000 4.99967
3000 4.99967
3100 5
3100 5
3100 4.99968
3100 5
3100 5
3100 5
3100 4.99968
3100 4.99968
3100 5
3100 4.99968
3100 4.99968
3100 4.99968
3100 5
3100 5
3100 4.99968
3100 4.99968
3100 5
3100 5
3100 5
3100 4.99968
3100 4.99968
3100 4.99968
3100 5
3100 4.99968
3100 4.99968
3100 5
3100 4.99968
3100 5
3100 4.99968
3100 5
3100 4.99968
3100 4.99968
3100 4.99968
3100 4.99968
3100 5
3100 5
3100 5
3100 5
3100 5
3100 5
3100 5
3100 4.99968
3100 4.99968
3100 5
3100 4.99968
3100 5
3100 4.99968
3100 4.99968
3100 5
3100 4.99968
3200 5
3200 5
3200 4.99969
3200 4.99969
3200 5
3200 5
3200 5
3200 5
3200 5
3200 5
3200 5
3200 5
3200 5
3200 5
3200 4.99969
3200 5
3200 5
3200 5
3200 5
3200 5
3200 4.99969
3200 4.99969
3200 4.99969
3200 4.99969
3200 5
3200 5
3200 5
3200 4.99969
3200 5
3200 4.99969
3200 4.99969
3200 4.99969
3200 4.99969
3200 4.99969
3200 4.99969
3200 5
3200 4.99969
3200 4.99969
3200 4.99969
3200 4.99969
3200 5
3200 5
3200 5
3200 5
3200 5
3200 5
3200 4.99969
3200 5
3200 4.99969
3200 5
3300 4.9997
3300 5
3300 4.9997
3300 4.9997
3300 4.9997
3300 4.9997
3300 5
3300 4.9997
3300 5
3300 5
3300 4.9997
3300 5
3300 5
3300 4.9997
3300 4.9997
3300 4.9997
3300 5
3300 4.9997
3300 5
3300 5
3300 4.9997
3300 5
3300 4.9997
3300 5
3300 5
3300 4.9997
3300 4.9997
3300 5
3300 4.9997
3300 4.9997
3300 5
3300 4.9997
3300 4.9997
3300 5
3300 5
3300 4.9997
3300 5
3300 4.9997
3300 4.9997
3300 4.9997
3300 5
3300 5
3300 5
3300 5
3300 5
3300 5
3300 5
3300 4.9997
3300 5
3300 4.9997
3400 5
3400 5
3400 4.99971
3400 4.99971
3400 4.99971
3400 4.99971
3400 5
3400 5
3400 5
3400 4.99971
3400 5
3400 4.99971
3400 4.99971
3400 5
3400 5
3400 5
3400 5
3400 5
3400 5
3400 5
3400 4.99971
3400 5
3400 4.99971
3400 5
3400 4.99971
3400 5
3400 5
3400 4.99971
3400 4.99971
3400 4.99971
3400 4.99971
3400 5
3400 4.99971
3400 4.99971
3400 5
3400 5
3400 4.99971
3400 5
3400 5
3400 4.99971
3400 5
3400 4.99971
3400 5
3400 5
3400 5
3400 5
3400 4.99971
3400 5
3400 5
3400 5
3500 4.99971
3500 4.99971
3500 5
3500 5
3500 5
3500 4.99971
3500 4.99971
3500 5
3500 4.99971
3500 4.99971
3500 5
3500 5
3500 4.99971
3500 5
3500 5
3500 5
3500 4.99971
3500 4.99971
3500 5
3500 5
3500 4.99971
3500 4.99971
3500 5
3500 5
3500 4.99971
3500 5
3500 4.99971
3500 4.99971
3500 5
3500 5
3500 4.99971
3500 4.99971
3500 4.99971
3500 5
3500 5
3500 5
3500 5
3500 5
3500 4.99971
3500 5
3500 5
3500 4.99971
3500 4.99971
3500 4.99971
3500 5
3500 5
3500 5
3500 5
3500 4.99971
3500 5
3600 4.99972
3600 5
3600 4.99972
3600 4.99972
3600 5
3600 5
3600 4.99972
3600 4.99972
3600 4.99972
3600 5
3600 5
3600 4.99972
3600 4.99972
3600 5
3600 5
3600 4.99972
3600 4.99972
3600 4.99972
3600 4.99972
3600 4.99972
3600 5
3600 4.99972
3600 5
3600 4.99972
3600 4.99972
3600 5
3600 5
3600 4.99972
3600 4.99972
3600 5
3600 4.99972
3600 4.99972
3600 5
3600 4.99972
3600 4.99972
3600 4.99972
3600 5
3600 4.99972
3600 4.99972
3600 4.99972
3600 4.99972
3600 5
3600 5
3600 4.99972
3600 4.99972
3600 5
3600 4.99972
3600 5
3600 4.99972
3600 5
3700 5
3700 4.99973
3700 4.99973
3700 5
3700 5
3700 5
3700 5
3700 4.99973
3700 5
3700 4.99973
3700 5
3700 5
3700 4.99973
3700 4.99973
3700 5
3700 5
3700 4.99973
3700 5
3700 5
3700 4.99973
3700 4.99973
3700 4.99973
3700 4.99973
3700 4.99973
3700 4.99973
3700 5
3700 4.99973
3700 4.99973
3700 4.99973
3700 5
3700 5
3700 5
3700 4.99973
3700 5
3700 5
3700 5
3700 5
3700 5
3700 5
3700 5
3700 5
3700 5
3700 4.99973
3700 4.99973
3700 4.99973
3700 4.99973
3700 4.99973
3700 5
3700 5
3700 4.99973
3800 5
3800 5
3800 4.99974
3800 5
3800 5
3800 5
3800 4.99974
3800 5
3800 4.99974
3800 4.99974
3800 5
3800 5
3800 5
3800 4.99974
3800 4.99974
3800 4.99974
3800 5
3800 4.99974
3800 5
3800 5
3800 5
3800 4.99974
3800 4.99974
3800 5
3800 4.99974
3800 4.99974
3800 4.99974
3800 5
3800 5
3800 5
3800 4.99974
3800 5
3800 5
3800 5
3800 4.99974
3800 4.99974
3800 4.99974
3800 4.99974
3800 5
3800 5
3800 4.99974
3800 5
3800 4.99974
3800 5
3800 5
3800 4.99974
3800 5
3800 4.99974
3800 5
3800 5
3900 4.99974
3900 5
3900 4.99974
3900 4.99974
3900 5
3900 5
3900 5
3900 5
3900 4.99974
3900 4.99974
3900 5
3900 4.99974
3900 4.99974
3900 5
3900 5
3900 5
3900 5
3900 5
3900 4.99974
3900 5
3900 4.99974
3900 5
3900 5
3900 5
3900 5
3900 4.99974
3900 5
3900 4.99974
3900 4.99974
3900 5
3900 5
3900 4.99974
3900 5
3900 4.99974
3900 4.99974
3900 4.99974
3900 5
3900 4.99974
3900 4.99974
3900 5
3900 4.99974
3900 4.99974
3900 4.99974
3900 5
3900 5
3900 5
3900 5
3900 4.99974
3900 4.99974
3900 5
4000 5
4000 4.99975
4000 5
4000 4.99975
4000 4.99975
4000 5
4000 5
4000 4.99975
4000 5
4000 5
4000 4.99975
4000 5
4000 5
4000 5
4000 5
4000 4.99975
4000 5
4000 5
4000 4.99975
4000 4.99975
4000 5
4000 5
4000 4.99975
4000 5
4000 4.99975
4000 5
4000 4.99975
4000 5
4000 4.99975
4000 4.99975
4000 4.99975
4000 5
4000 5
4000 4.99975
4000 5
4000 4.99975
4000 5
4000 4.99975
4000 5
4000 5
4000 5
4000 5
4000 5
4000 5
4000 5
4000 5
4000 5
4000 5
4000 4.99975
4000 5
4100 4.99976
4100 5
4100 5
4100 5
4100 5
4100 4.99976
4100 4.99976
4100 4.99976
4100 4.99976
4100 5
4100 5
4100 5
4100 5
4100 5
4100 4.99976
4100 5
4100 4.99976
4100 4.99976
4100 5
4100 4.99976
4100 5
4100 5
4100 4.99976
4100 5
4100 5
4100 4.99976
4100 5
4100 5
4100 5
4100 4.99976
4100 5
4100 4.99976
4100 5
4100 5
4100 5
4100 4.99976
4100 5
4100 4.99976
4100 4.99976
4100 5
4100 5
4100 5
4100 5
4100 4.99976
4100 4.99976
4100 5
4100 5
4100 4.99976
4100 4.99976
4100 5
4200 5
4200 4.99976
4200 4.99976
4200 5
4200 4.99976
4200 5
4200 5
4200 5
4200 5
4200 4.99976
4200 4.99976
4200 4.99976
4200 5
4200 5
4200 5
4200 4.99976
4200 4.99976
4200 4.99976
4200 4.99976
4200 5
4200 4.99976
4200 5
4200 5
4200 4.99976
4200 5
4200 4.99976
4200 4.99976
4200 5
4200 5
4200 4.99976
4200 5
4200 5
4200 5
4200 4.99976
4200 5
4200 4.99976
4200 4.99976
4200 5
4200 4.99976
4200 5
4200 5
4200 5
4200 4.99976
4200 5
4200 5
4200 4.99976
4200 4.99976
4200 5
4200 5
4200 5
4300 4.99977
4300 5
4300 4.99977
4300 5
4300 5
4300 5
4300 5
4300 4.99977
4300 5
4300 4.99977
4300 5
4300 4.99977
4300 4.99977
4300 4.99977
4300 4.99977
4300 5
4300 4.99977
4300 5
4300 5
4300 4.99977
4300 4.99977
4300 4.99977
4300 5
4300 4.99977
4300 4.99977
4300 4.99977
4300 4.99977
4300 5
4300 4.99977
4300 4.99977
4300 4.99977
4300 4.99977
4300 5
4300 4.99977
4300 5
4300 5
4300 5
4300 4.99977
4300 5
4300 5
4300 5
4300 5
4300 4.99977
4300 4.99977
4300 5
4300 4.99977
4300 4.99977
4300 4.99977
4300 4.99977
4300 4.99977
4400 4.99977
4400 4.99977
4400 4.99977
4400 4.99977
4400 5
4400 5
4400 4.99977
4400 4.99977
4400 5
4400 5
4400 4.99977
4400 5
4400 4.99977
4400 5
4400 4.99977
4400 4.99977
4400 5
4400 5
4400 5
4400 5
4400 4.99977
4400 4.99977
4400 5
4400 4.99977
4400 4.99977
4400 4.99977
4400 4.99977
4400 4.99977
4400 5
4400 5
4400 5
4400 4.99977
4400 5
4400 4.99977
4400 5
4400 5
4400 5
4400 5
4400 5
4400 5
4400 5
4400 5
4400 5
4400 4.99977
4400 4.99977
4400 4.99977
4400 4.99977
4400 4.99977
4400 4.99977
4400 5
4500 5
4500 4.99978
4500 5
4500 4.99978
4500 5
4500 4.99978
4500 4.99978
4500 4.99978
4500 4.99978
4500 4.99978
4500 5
4500 5
4500 4.99978
4500 4.99978
4500 4.99978
4500 5
4500 4.99978
4500 5
4500 5
4500 4.99978
4500 5
4500 5
4500 5
4500 4.99978
4500 5
4500 4.99978
4500 4.99978
4500 5
4500 4.99978
4500 5
4500 4.99978
4500 5
4500 5
4500 5
4500 4.99978
4500 5
4500 4.99978
4500 5
4500 4.99978
4500 4.99978
4500 4.99978
4500 5
4500 5
4500 5
4500 4.99978
4500 4.99978
4500 5
4500 5
4500 5
4500 5
4600 4.99978
4600 4.99978
4600 4.99978
4600 4.99978
4600 4.99978
4600 4.99978
4600 4.99978
4600 4.99978
4600 5
4600 5
4600 5
4600 5
4600 5
4600 5
4600 5
4600 5
4600 4.99978
4600 5
4600 4.99978
4600 5
4600 4.99978
4600 4.99978
4600 5
4600 4.99978
4600 4.99978
4600 4.99978
4600 5
4600 4.99978
4600 5
4600 4.99978
4600 5
4600 5
4600 5
4600 5
4600 4.99978
4600 5
4600 4.99978
4600 4.99978
4600 4.99978
4600 5
4600 4.99978
4600 5
4600 5
4600 4.99978
4600 4.99978
4600 5
4600 5
4600 4.99978
4600 4.99978
4600 4.99978
4700 5
4700 5
4700 5
4700 5
4700 5
4700 4.99979
4700 4.99979
4700 5
4700 5
4700 5
4700 5
4700 4.99979
4700 4.99979
4700 5
4700 5
4700 5
4700 5
4700 4.99979
4700 5
4700 4.99979
4700 5
4700 5
4700 5
4700 5
4700 4.99979
4700 5
4700 4.99979
4700 4.99979
4700 4.99979
4700 4.99979
4700 4.99979
4700 5
4700 5
4700 4.99979
4700 5
4700 4.99979
4700 5
4700 4.99979
4700 5
4700 4.99979
4700 4.99979
4700 5
4700 4.99979
4700 5
4700 5
4700 5
4700 5
4700 4.99979
4700 5
4700 5
4800 5
4800 4.99979
4800 4.99979
4800 5
4800 4.99979
4800 5
4800 4.99979
4800 5
4800 5
4800 5
4800 5
4800 5
4800 5
4800 5
4800 4.99979
4800 5
4800 5
4800 5
4800 5
4800 5
4800 4.99979
4800 4.99979
4800 5
4800 5
4800 4.99979
4800 4.99979
4800 4.99979
4800 5
4800 4.99979
4800 4.99979
4800 5
4800 4.99979
4800 4.99979
4800 5
4800 4.99979
4800 4.99979
4800 4.99979
4800 4.99979
4800 5
4800 4.99979
4800 4.99979
4800 5
4800 5
4800 5
4800 4.99979
4800 5
4800 5
4800 5
4800 4.99979
4800 4.99979
4900 4.9998
4900 4.9998
4900 5
4900 5
4900 4.9998
4900 4.9998
4900 5
4900 4.9998
4900 4.9998
4900 5
4900 4.9998
4900 4.9998
4900 5
4900 5
4900 4.9998
4900 5
4900 4.9998
4900 5
4900 5
4900 5
4900 4.9998
4900 5
4900 4.9998
4900 4.9998
4900 4.9998
4900 4.9998
4900 4.9998
4900 5
4900 4.9998
4900 4.9998
4900 4.9998
4900 5
4900 5
4900 5
4900 5
4900 5
4900 4.9998
4900 4.9998
4900 5
4900 4.9998
4900 5
4900 4.9998
4900 5
4900 5
4900 4.9998
4900 5
4900 4.9998
4900 5
4900 4.9998
4900 5
5000 5
5000 5
5000 4.9998
5000 5
5000 5
5000 5
5000 5
5000 5
5000 4.9998
5000 4.9998
5000 4.9998
5000 4.9998
5000 5
5000 5
5000 5
5000 4.9998
5000 4.9998
5000 5
5000 4.9998
5000 4.9998
5000 4.9998
5000 4.9998
5000 5
5000 5
5000 4.9998
5000 5
5000 5
5000 5
5000 4.9998
5000 5
5000 4.9998
5000 4.9998
5000 5
5000 5
5000 5
5000 5
5000 5
5000 4.9998
5000 5
5000 4.9998
5000 5
5000 5
5000 5
5000 5
5000 4.9998
5000 5
5000 4.9998
5000 4.9998
5000 4.9998
5000 5
5100 5
5100 5
5100 4.9998
5100 5
5100 4.9998
5100 4.9998
5100 4.9998
5100 5
5100 4.9998
5100 4.9998
5100 5
5100 5
5100 5
5100 5
5100 5
5100 5
5100 4.9998
5100 4.9998
5100 4.9998
5100 5
5100 5
5100 4.9998
5100 4.9998
5100 5
5100 5
5100 5
5100 5
5100 5
5100 5
5100 5
5100 4.9998
5100 5
5100 5
5100 4.9998
5100 4.9998
5100 4.9998
5100 5
5100 4.9998
5100 5
5100 4.9998
5100 5
5100 4.9998
5100 4.9998
5100 4.9998
5100 5
5100 4.9998
5100 4.9998
5100 5
5100 4.9998
5100 5
5200 4.99981
5200 5
5200 5
5200 5
5200 4.99981
5200 5
5200 5
5200 5
5200 5
5200 4.99981
5200 4.99981
5200 5
5200 5
5200 4.99981
5200 4.99981
5200 5
5200 5
5200 4.99981
5200 5
5200 4.99981
5200 5
5200 4.99981
5200 5
5200 5
5200 4.99981
5200 5
5200 5
5200 5
5200 4.99981
5200 5
5200 5
5200 4.99981
5200 4.99981
5200 4.99981
5200 5
5200 5
5200 4.99981
5200 5
5200 4.99981
5200 5
5200 5
5200 4.99981
5200 5
5200 5
5200 4.99981
5200 4.99981
5200 4.99981
5200 5
5200 4.99981
5200 5
5300 5
5300 5
5300 4.99981
5300 5
5300 4.99981
5300 4.99981
5300 4.99981
5300 4.99981
5300 5
5300 4.99981
5300 4.99981
5300 4.99981
5300 5
5300 5
5300 5
5300 4.99981
5300 5
5300 5
5300 5
5300 5
5300 5
5300 4.99981
5300 4.99981
5300 5
5300 5
5300 5
5300 4.99981
5300 5
5300 5
5300 5
5300 5
5300 5
5300 5
5300 4.99981
5300 4.99981
5300 4.99981
5300 4.99981
5300 4.99981
5300 4.99981
5300 4.99981
5300 4.99981
5300 5
5300 5
5300 5
5300 5
5300 4.99981
5300 4.99981
5300 4.99981
5300 5
5300 4.99981
5400 5
5400 4.99981
5400 5
5400 4.99981
5400 5
5400 5
5400 4.99981
5400 4.99981
5400 5
5400 4.99981
5400 5
5400 4.99981
5400 5
5400 4.99981
5400 4.99981
5400 5
5400 5
5400 4.99981
5400 5
5400 5
5400 5
5400 4.99981
5400 4.99981
5400 5
5400 5
5400 4.99981
5400 5
5400 5
5400 5
5400 5
5400 4.99981
5400 5
5400 5
5400 4.99981
5400 5
5400 5
5400 4.99981
5400 5
5400 5
5400 5
5400 5
5400 4.99981
5400 4.99981
5400 4.99981
5400 4.99981
5400 5
5400 4.99981
5400 5
5400 5
5400 5
5500 5
5500 4.99982
5500 5
5500 4.99982
5500 4.99982
5500 4.99982
5500 4.99982
5500 5
5500 4.99982
5500 5
5500 4.99982
5500 4.99982
5500 4.99982
5500 4.99982
5500 5
5500 4.99982
5500 4.99982
5500 4.99982
5500 4.99982
5500 4.99982
5500 4.99982
5500 5
5500 4.99982
5500 5
5500 5
5500 5
5500 5
5500 4.99982
5500 5
5500 4.99982
5500 4.99982
5500 4.99982
5500 4.99982
5500 4.99982
5500 4.99982
5500 4.99982
5500 4.99982
5500 5
5500 4.99982
5500 4.99982
5500 5
5500 4.99982
5500 4.99982
5500 4.99982
5500 5
5500 5
5500 5
5500 5
5500 5
5500 5
5600 4.99982
5600 4.99982
5600 4.99982
5600 4.99982
5600 4.99982
5600 5
5600 5
5600 4.99982
5600 5
5600 5
5600 4.99982
5600 5
5600 5
5600 5
5600 5
5600 4.99982
5600 5
5600 5
5600 5
5600 4.99982
5600 4.99982
5600 5
5600 5
5600 4.99982
5600 5
5600 5
5600 5
5600 5
5600 4.99982
5600 5
5600 5
5600 5
5600 5
5600 5
5600 4.99982
5600 5
5600 4.99982
5600 4.99982
5600 5
5600 5
5600 5
5600 5
5600 5
5600 4.99982
5600 5
5600 5
5600 5
5600 4.99982
5600 4.99982
5600 4.99982
5700 5
5700 5
5700 4.99982
5700 4.99982
5700 5
5700 4.99982
5700 5
5700 5
5700 4.99982
5700 4.99982
5700 5
5700 4.99982
5700 4.99982
5700 4.99982
5700 5
5700 4.99982
5700 4.99982
5700 4.99982
5700 5
5700 5
5700 4.99982
5700 4.99982
5700 5
5700 5
5700 5
5700 5
5700 4.99982
5700 4.99982
5700 4.99982
5700 4.99982
5700 5
5700 5
5700 5
5700 4.99982
5700 4.99982
5700 4.99982
5700 5
5700 5
5700 5
5700 5
5700 4.99982
5700 5
5700 4.99982
5700 5
5700 4.99982
5700 4.99982
5700 5
5700 4.99982
5700 4.99982
5700 5
5800 5
5800 4.99983
5800 5
5800 5
5800 4.99983
5800 4.99983
5800 5
5800 4.99983
5800 5
5800 4.99983
5800 4.99983
5800 5
5800 5
5800 4.99983
5800 4.99983
5800 5
5800 5
5800 4.99983
5800 4.99983
5800 5
5800 5
5800 4.99983
5800 4.99983
5800 5
5800 4.99983
5800 5
5800 4.99983
5800 4.99983
5800 5
5800 5
5800 4.99983
5800 4.99983
5800 5
5800 4.99983
5800 4.99983
5800 4.99983
5800 5
5800 4.99983
5800 5
5800 4.99983
5800 4.99983
5800 5
5800 5
5800 5
5800 5
5800 4.99983
5800 5
5800 5
5800 4.99983
5800 5
5900 5
5900 5
5900 4.99983
5900 4.99983
5900 4.99983
5900 5
5900 5
5900 5
5900 5
5900 5
5900 4.99983
5900 5
5900 4.99983
5900 5
5900 5
5900 4.99983
5900 5
5900 4.99983
5900 5
5900 4.99983
5900 4.99983
5900 4.99983
5900 4.99983
5900 4.99983
5900 5
5900 5
5900 4.99983
5900 5
5900 4.99983
5900 4.99983
5900 5
5900 4.99983
5900 4.99983
5900 5
5900 4.99983
5900 4.99983
5900 5
5900 5
5900 5
5900 4.99983
5900 5
5900 4.99983
5900 4.99983
5900 5
5900 5
5900 4.99983
5900 4.99983
5900 5
5900 4.99983
5900 5
6000 4.99983
6000 5
6000 4.99983
6000 5
6000 5
6000 4.99983
6000 4.99983
6000 4.99983
6000 5
6000 4.99983
6000 4.99983
6000 4.99983
6000 5
6000 4.99983
6000 5
6000 5
6000 4.99983
6000 4.99983
6000 4.99983
6000 5
6000 4.99983
6000 5
6000 4.99983
6000 4.99983
6000 4.99983
6000 5
6000 5
6000 4.99983
6000 4.99983
6000 4.99983
6000 4.99983
6000 4.99983
6000 5
6000 4.99983
6000 4.99983
6000 5
6000 5
6000 5
6000 5
6000 4.99983
6000 5
6000 4.99983
6000 5
6000 4.99983
6000 4.99983
6000 4.99983
6000 5
6000 5
6000 4.99983
6000 4.99983
6100 4.99984
6100 5
6100 5
6100 4.99984
6100 4.99984
6100 4.99984
6100 5
6100 4.99984
6100 4.99984
6100 5
6100 4.99984
6100 4.99984
6100 4.99984
6100 5
6100 4.99984
6100 4.99984
6100 4.99984
6100 5
6100 5
6100 5
6100 5
6100 5
6100 5
6100 5
6100 4.99984
6100 5
6100 5
6100 5
6100 5
6100 4.99984
6100 4.99984
6100 4.99984
6100 4.99984
6100 4.99984
6100 5
6100 4.99984
6100 5
6100 4.99984
6100 4.99984
6100 4.99984
6100 4.99984
6100 4.99984
6100 4.99984
6100 4.99984
6100 4.99984
6100 5
6100 4.99984
6100 5
6100 4.99984
6100 4.99984
6200 5
6200 5
6200 4.99984
6200 4.99984
6200 5
6200 4.99984
6200 4.99984
6200 5
6200 5
6200 5
6200 4.99984
6200 5
6200 4.99984
6200 5
6200 4.99984
6200 4.99984
6200 4.99984
6200 4.99984
6200 4.99984
6200 5
6200 5
6200 4.99984
6200 4.99984
6200 5
6200 5
6200 5
6200 5
6200 5
6200 4.99984
6200 4.99984
6200 5
6200 4.99984
6200 5
6200 4.99984
6200 5
6200 5
6200 4.99984
6200 4.99984
6200 4.99984
6200 5
6200 4.99984
6200 4.99984
6200 5
6200 5
6200 5
6200 5
6200 5
6200 5
6200 5
6200 5
6300 5
6300 4.99984
6300 5
6300 4.99984
6300 5
6300 5
6300 4.99984
6300 5
6300 5
6300 4.99984
6300 5
6300 4.99984
6300 4.99984
6300 5
6300 4.99984
6300 4.99984
6300 5
6300 4.99984
6300 5
6300 5
6300 5
6300 5
6300 5
6300 4.99984
6300 4.99984
6300 5
6300 5
6300 5
6300 5
6300 4.99984
6300 5
6300 4.99984
6300 5
6300 5
6300 5
6300 4.99984
6300 5
6300 4.99984
6300 5
6300 5
6300 5
6300 5
6300 5
6300 4.99984
6300 5
6300 5
6300 4.99984
6300 5
6300 4.99984
6300 5
6400 4.99984
6400 4.99984
6400 5
6400 4.99984
6400 4.99984
6400 5
6400 4.99984
6400 4.99984
6400 4.99984
6400 4.99984
6400 5
6400 5
6400 5
6400 5
6400 5
6400 5
6400 4.99984
6400 4.99984
6400 5
6400 4.99984
6400 4.99984
6400 5
6400 5
6400 5
6400 5
6400 4.99984
6400 4.99984
6400 4.99984
6400 4.99984
6400 5
6400 5
6400 5
6400 5
6400 5
6400 5
6400 5
6400 5
6400 5
6400 5
6400 4.99984
6400 5
6400 5
6400 4.99984
6400 4.99984
6400 5
6400 4.99984
6400 5
6400 5
6400 5
6400 5
6500 4.99985
6500 5
6500 5
6500 4.99985
6500 4.99985
6500 4.99985
6500 4.99985
6500 4.99985
6500 4.99985
6500 4.99985
6500 4.99985
6500 5
6500 5
6500 4.99985
6500 4.99985
6500 5
6500 5
6500 4.99985
6500 5
6500 5
6500 4.99985
6500 5
6500 5
6500 4.99985
6500 5
6500 5
6500 4.99985
6500 5
6500 4.99985
6500 5
6500 4.99985
6500 5
6500 4.99985
6500 5
6500 5
6500 4.99985
6500 4.99985
6500 4.99985
6500 4.99985
6500 4.99985
6500 5
6500 5
6500 5
6500 4.99985
6500 4.99985
6500 5
6500 4.99985
6500 4.99985
6500 4.99985
6500 5
6600 5
6600 4.99985
6600 4.99985
6600 5
6600 5
6600 5
6600 4.99985
6600 4.99985
6600 4.99985
6600 5
6600 4.99985
6600 5
6600 5
6600 4.99985
6600 5
6600 4.99985
6600 5
6600 4.99985
6600 4.99985
6600 5
6600 4.99985
6600 5
6600 5
6600 4.99985
6600 4.99985
6600 5
6600 5
6600 5
6600 5
6600 5
6600 5
6600 4.99985
6600 5
6600 5
6600 4.99985
6600 4.99985
6600 5
6600 4.99985
6600 5
6600 5
6600 4.99985
6600 5
6600 5
6600 5
6600 5
6600 4.99985
6600 5
6600 4.99985
6600 5
6600 5
6700 5
6700 4.99985
6700 5
6700 4.99985
6700 5
6700 4.99985
6700 5
6700 4.99985
6700 5
6700 4.99985
6700 4.99985
6700 5
6700 5
6700 4.99985
6700 4.99985
6700 4.99985
6700 5
6700 5
6700 5
6700 5
6700 4.99985
6700 5
6700 4.99985
6700 4.99985
6700 5
6700 4.99985
6700 4.99985
6700 4.99985
6700 5
6700 4.99985
6700 5
6700 4.99985
6700 4.99985
6700 5
6700 4.99985
6700 4.99985
6700 5
6700 5
6700 5
6700 5
6700 5
6700 4.99985
6700 5
6700 4.99985
6700 4.99985
6700 5
6700 5
6700 5
6700 4.99985
6700 5
6800 4.99985
6800 4.99985
6800 4.99985
6800 5
6800 5
6800 4.99985
6800 4.99985
6800 5
6800 5
6800 4.99985
6800 5
6800 5
6800 4.99985
6800 4.99985
6800 4.99985
6800 5
6800 5
6800 5
6800 4.99985
6800 5
6800 5
6800 4.99985
6800 4.99985
6800 5
6800 5
6800 5
6800 5
6800 4.99985
6800 5
6800 4.99985
6800 4.99985
6800 5
6800 4.99985
6800 4.99985
6800 5
6800 4.99985
6800 5
6800 4.99985
6800 4.99985
6800 5
6800 4.99985
6800 5
6800 4.99985
6800 4.99985
6800 5
6800 4.99985
6800 5
6800 5
6800 4.99985
6800 5
6900 5
6900 4.99986
6900 5
6900 4.99986
6900 5
6900 5
6900 4.99986
6900 4.99986
6900 5
6900 5
6900 5
6900 5
6900 5
6900 5
6900 4.99986
6900 5
6900 4.99986
6900 5
6900 4.99986
6900 5
6900 5
6900 5
6900 4.99986
6900 4.99986
6900 4.99986
6900 4.99986
6900 5
6900 5
6900 4.99986
6900 4.99986
6900 4.99986
6900 5
6900 4.99986
6900 4.99986
6900 4.99986
6900 4.99986
6900 5
6900 4.99986
6900 4.99986
6900 5
6900 5
6900 4.99986
6900 5
6900 5
6900 5
6900 4.99986
6900 5
6900 5
6900 5
6900 4.99986
7000 5
7000 4.99986
7000 5
7000 4.99986
7000 4.99986
7000 4.99986
7000 5
7000 5
7000 5
7000 4.99986
7000 4.99986
7000 5
7000 5
7000 4.99986
7000 5
7000 4.99986
7000 4.99986
7000 5
7000 4.99986
7000 4.99986
7000 4.99986
7000 5
7000 5
7000 4.99986
7000 4.99986
7000 4.99986
7000 4.99986
7000 4.99986
7000 5
7000 4.99986
7000 4.99986
7000 5
7000 4.99986
7000 5
7000 5
7000 5
7000 5
7000 5
7000 4.99986
7000 5
7000 5
7000 4.99986
7000 5
7000 5
7000 5
7000 4.99986
7000 5
7000 5
7000 4.99986
7000 4.99986
7100 4.99986
7100 4.99986
7100 4.99986
7100 5
7100 5
7100 5
7100 5
7100 5
7100 5
7100 5
7100 5
7100 5
7100 5
7100 4.99986
7100 5
7100 4.99986
7100 5
7100 5
7100 5
7100 5
7100 5
7100 5
7100 5
7100 5
7100 4.99986
7100 5
7100 4.99986
7100 5
7100 4.99986
7100 5
7100 5
7100 5
7100 5
7100 5
7100 5
7100 5
7100 4.99986
7100 4.99986
7100 5
7100 5
7100 4.99986
7100 5
7100 5
7100 5
7100 5
7100 5
7100 4.99986
7100 4.99986
7100 5
7100 4.99986
7200 4.99986
7200 5
7200 5
7200 5
7200 5
7200 5
7200 5
7200 4.99986
7200 5
7200 4.99986
7200 5
7200 5
7200 5
7200 4.99986
7200 5
7200 4.99986
7200 5
7200 5
7200 4.99986
7200 4.99986
7200 4.99986
7200 5
7200 4.99986
7200 5
7200 5
7200 4.99986
7200 4.99986
7200 4.99986
7200 4.99986
7200 4.99986
7200 5
7200 5
7200 5
7200 5
7200 5
7200 5
7200 5
7200 5
7200 5
7200 4.99986
7200 5
7200 5
7200 5
7200 4.99986
7200 5
7200 5
7200 5
7200 5
7200 5
7200 4.99986
7300 4.99986
7300 4.99986
7300 5
7300 5
7300 4.99986
7300 4.99986
7300 5
7300 5
7300 4.99986
7300 5
7300 5
7300 4.99986
7300 5
7300 4.99986
7300 5
7300 4.99986
7300 4.99986
7300 5
7300 5
7300 4.99986
7300 5
7300 5
7300 5
7300 5
7300 5
7300 4.99986
7300 4.99986
7300 4.99986
7300 5
7300 5
7300 5
7300 4.99986
7300 5
7300 5
7300 4.99986
7300 5
7300 4.99986
7300 4.99986
7300 5
7300 4.99986
7300 4.99986
7300 4.99986
7300 4.99986
7300 4.99986
7300 5
7300 4.99986
7300 5
7300 4.99986
7300 4.99986
7300 5
7400 4.99986
7400 4.99986
7400 5
7400 5
7400 5
7400 5
7400 4.99986
7400 5
7400 5
7400 4.99986
7400 5
7400 4.99986
7400 4.99986
7400 4.99986
7400 4.99986
7400 4.99986
7400 4.99986
7400 4.99986
7400 4.99986
7400 5
7400 4.99986
7400 5
7400 4.99986
7400 4.99986
7400 5
7400 4.99986
7400 5
7400 5
7400 4.99986
7400 5
7400 5
7400 5
7400 5
7400 4.99986
7400 5
7400 5
7400 5
7400 5
7400 4.99986
7400 5
7400 5
7400 5
7400 5
7400 4.99986
7400 5
7400 4.99986
7400 4.99986
7400 4.99986
7400 4.99986
7400 5
7500 5
7500 5
7500 5
7500 4.99987
7500 4.99987
7500 4.99987
7500 4.99987
7500 4.99987
7500 4.99987
7500 4.99987
7500 5
7500 4.99987
7500 4.99987
7500 5
7500 4.99987
7500 4.99987
7500 4.99987
7500 4.99987
7500 4.99987
7500 4.99987
7500 5
7500 4.99987
7500 5
7500 5
7500 5
7500 4.99987
7500 5
7500 5
7500 5
7500 4.99987
7500 5
7500 4.99987
7500 5
7500 4.99987
7500 5
7500 4.99987
7500 5
7500 5
7500 4.99987
7500 5
7500 4.99987
7500 4.99987
7500 5
7500 5
7500 5
7500 4.99987
7500 4.99987
7500 5
7500 5
7500 5
7600 5
7600 5
7600 4.99987
7600 5
7600 4.99987
7600 5
7600 5
7600 5
7600 4.99987
7600 5
7600 4.99987
7600 5
7600 4.99987
7600 4.99987
7600 4.99987
7600 5
7600 4.99987
7600 4.99987
7600 4.99987
7600 5
7600 4.99987
7600 5
7600 4.99987
7600 4.99987
7600 5
7600 4.99987
7600 4.99987
7600 4.99987
7600 4.99987
7600 5
7600 5
7600 4.99987
7600 5
7600 5
7600 4.99987
7600 5
7600 5
7600 4.99987
7600 5
7600 5
7600 4.99987
7600 5
7600 5
7600 4.99987
7600 4.99987
7600 4.99987
7600 5
7600 5
7600 5
7600 4.99987
7700 4.99987
7700 4.99987
7700 5
7700 5
7700 4.99987
7700 5
7700 5
7700 4.99987
7700 4.99987
7700 5
7700 5
7700 4.99987
7700 5
7700 5
7700 5
7700 5
7700 4.99987
7700 5
7700 5
7700 4.99987
7700 5
7700 5
7700 4.99987
7700 5
7700 5
7700 4.99987
7700 4.99987
7700 4.99987
7700 4.99987
7700 4.99987
7700 5
7700 4.99987
7700 5
7700 5
7700 4.99987
7700 4.99987
7700 4.99987
7700 5
7700 5
7700 5
7700 5
7700 5
7700 5
7700 4.99987
7700 5
7700 4.99987
7700 5
7700 5
7700 4.99987
7700 4.99987
7800 5
7800 4.99987
7800 4.99987
7800 4.99987
7800 4.99987
7800 5
7800 5
7800 5
7800 4.99987
7800 4.99987
7800 4.99987
7800 5
7800 4.99987
7800 5
7800 4.99987
7800 4.99987
7800 5
7800 5
7800 4.99987
7800 4.99987
7800 5
7800 5
7800 5
7800 5
7800 5
7800 5
7800 5
7800 5
7800 4.99987
7800 5
7800 4.99987
7800 4.99987
7800 4.99987
7800 5
7800 4.99987
7800 5
7800 4.99987
7800 5
7800 5
7800 5
7800 4.99987
7800 4.99987
7800 4.99987
7800 4.99987
7800 5
7800 4.99987
7800 5
7800 5
7800 4.99987
7800 4.99987
7900 4.99987
7900 5
7900 4.99987
7900 5
7900 5
7900 5
7900 4.99987
7900 4.99987
7900 5
7900 5
7900 5
7900 4.99987
7900 5
7900 5
7900 4.99987
7900 4.99987
7900 5
7900 4.99987
7900 4.99987
7900 5
7900 4.99987
7900 4.99987
7900 4.99987
7900 5
7900 5
7900 4.99987
7900 5
7900 4.99987
7900 4.99987
7900 4.99987
7900 5
7900 4.99987
7900 5
7900 5
7900 5
7900 5
7900 5
7900 4.99987
7900 5
7900 5
7900 4.99987
7900 5
7900 4.99987
7900 4.99987
7900 4.99987
7900 4.99987
7900 5
7900 5
7900 4.99987
7900 4.99987
8000 4.99988
8000 5
8000 4.99988
8000 5
8000 4.99988
8000 5
8000 5
8000 4.99988
8000 4.99988
8000 5
8000 5
8000 5
8000 5
8000 4.99988
8000 5
8000 5
8000 5
8000 5
8000 5
8000 5
8000 5
8000 4.99988
8000 5
8000 5
8000 5
8000 4.99988
8000 5
8000 5
8000 4.99988
8000 5
8000 4.99988
8000 4.99988
8000 5
8000 5
8000 5
8000 5
8000 5
8000 5
8000 5
8000 5
8000 4.99988
8000 5
8000 4.99988
8000 5
8000 4.99988
8000 4.99988
8000 4.99988
8000 5
8000 4.99988
8000 4.99988
8100 4.99988
8100 5
8100 5
8100 4.99988
8100 4.99988
8100 4.99988
8100 4.99988
8100 5
8100 4.99988
8100 5
8100 5
8100 4.99988
8100 4.99988
8100 4.99988
8100 4.99988
8100 4.99988
8100 5
8100 5
8100 5
8100 5
8100 4.99988
8100 4.99988
8100 4.99988
8100 5
8100 5
8100 4.99988
8100 4.99988
8100 4.99988
8100 5
8100 5
8100 4.99988
8100 5
8100 4.99988
8100 5
8100 5
8100 4.99988
8100 4.99988
8100 4.99988
8100 5
8100 5
8100 4.99988
8100 5
8100 5
8100 4.99988
8100 4.99988
8100 5
8100 5
8100 4.99988
8100 5
8100 4.99988
8200 5
8200 4.99988
8200 5
8200 5
8200 4.99988
8200 4.99988
8200 4.99988
8200 5
8200 4.99988
8200 4.99988
8200 4.99988
8200 5
8200 5
8200 5
8200 5
8200 4.99988
8200 5
8200 5
8200 4.99988
8200 4.99988
8200 4.99988
8200 5
8200 5
8200 5
8200 4.99988
8200 5
8200 4.99988
8200 4.99988
8200 5
8200 4.99988
8200 4.99988
8200 4.99988
8200 5
8200 4.99988
8200 4.99988
8200 5
8200 5
8200 5
8200 5
8200 4.99988
8200 4.99988
8200 5
8200 4.99988
8200 4.99988
8200 4.99988
8200 5
8200 5
8200 5
8200 4.99988
8200 4.99988
8300 4.99988
8300 4.99988
8300 5
8300 5
8300 4.99988
8300 5
8300 5
8300 4.99988
8300 4.99988
8300 5
8300 4.99988
8300 4.99988
8300 5
8300 4.99988
8300 5
8300 4.99988
8300 5
8300 4.99988
8300 5
8300 5
8300 4.99988
8300 4.99988
8300 5
8300 5
8300 5
8300 4.99988
8300 4.99988
8300 5
8300 4.99988
8300 4.99988
8300 4.99988
8300 5
8300 5
8300 5
8300 5
8300 5
8300 4.99988
8300 5
8300 5
8300 4.99988
8300 5
8300 5
8300 5
8300 4.99988
8300 5
8300 5
8300 4.99988
8300 5
8300 5
8300 5
8400 5
8400 5
8400 5
8400 5
8400 5
8400 5
8400 5
8400 5
8400 4.99988
8400 5
8400 4.99988
8400 5
8400 5
8400 5
8400 5
8400 5
8400 4.99988
8400 5
8400 5
8400 5
8400 5
8400 5
8400 5
8400 5
8400 4.99988
8400 4.99988
8400 5
8400 5
8400 4.99988
8400 5
8400 4.99988
8400 5
8400 4.99988
8400 4.99988
8400 4.99988
8400 4.99988
8400 5
8400 5
8400 4.99988
8400 4.99988
8400 4.99988
8400 5
8400 4.99988
8400 5
8400 4.99988
8400 4.99988
8400 4.99988
8400 4.99988
8400 4.99988
8400 5
8500 5
8500 4.99988
8500 5
8500 5
8500 5
8500 5
8500 5
8500 5
8500 4.99988
8500 4.99988
8500 5
8500 5
8500 5
8500 5
8500 4.99988
8500 4.99988
8500 4.99988
8500 5
8500 5
8500 5
8500 4.99988
8500 5
8500 5
8500 4.99988
8500 5
8500 4.99988
8500 4.99988
8500 4.99988
8500 4.99988
8500 4.99988
8500 5
8500 4.99988
8500 5
8500 5
8500 4.99988
8500 5
8500 4.99988
8500 5
8500 4.99988
8500 5
8500 4.99988
8500 4.99988
8500 4.99988
8500 5
8500 5
8500 4.99988
8500 5
8500 5
8500 5
8500 4.99988
8600 5
8600 4.99988
8600 5
8600 5
8600 5
8600 5
8600 5
8600 4.99988
8600 4.99988
8600 4.99988
8600 5
8600 4.99988
8600 5
8600 5
8600 4.99988
8600 4.99988
8600 4.99988
8600 5
8600 4.99988
8600 5
8600 4.99988
8600 4.99988
8600 4.99988
8600 5
8600 5
8600 4.99988
8600 5
8600 4.99988
8600 5
8600 4.99988
8600 5
8600 4.99988
8600 5
8600 5
8600 5
8600 4.99988
8600 5
8600 4.99988
8600 4.99988
8600 4.99988
8600 5
8600 5
8600 4.99988
8600 5
8600 5
8600 4.99988
8600 5
8600 4.99988
8600 4.99988
8600 4.99988
8700 5
8700 5
8700 4.99989
8700 4.99989
8700 5
8700 5
8700 4.99989
8700 4.99989
8700 5
8700 4.99989
8700 5
8700 5
8700 5
8700 4.99989
8700 4.99989
8700 5
8700 4.99989
8700 5
8700 5
8700 5
8700 4.99989
8700 4.99989
8700 4.99989
8700 5
8700 5
8700 5
8700 4.99989
8700 4.99989
8700 4.99989
8700 5
8700 4.99989
8700 4.99989
8700 5
8700 4.99989
8700 4.99989
8700 4.99989
8700 5
8700 4.99989
8700 5
8700 5
8700 5
8700 4.99989
8700 4.99989
8700 4.99989
8700 5
8700 5
8700 4.99989
8700 5
8700 5
8700 4.99989
8800 5
8800 5
8800 4.99989
8800 4.99989
8800 4.99989
8800 5
8800 5
8800 4.99989
8800 4.99989
8800 4.99989
8800 5
8800 4.99989
8800 4.99989
8800 4.99989
8800 4.99989
8800 4.99989
8800 4.99989
8800 5
8800 4.99989
8800 5
8800 5
8800 5
8800 5
8800 5
8800 5
8800 5
8800 5
8800 4.99989
8800 5
8800 5
8800 4.99989
8800 5
8800 5
8800 5
8800 5
8800 5
8800 4.99989
8800 5
8800 5
8800 4.99989
8800 4.99989
8800 5
8800 5
8800 5
8800 4.99989
8800 4.99989
8800 4.99989
8800 4.99989
8800 4.99989
8800 4.99989
8900 5
8900 5
8900 5
8900 5
8900 4.99989
8900 4.99989
8900 4.99989
8900 5
8900 5
8900 5
8900 5
8900 5
8900 4.99989
8900 4.99989
8900 5
8900 5
8900 5
8900 4.99989
8900 5
8900 5
8900 4.99989
8900 5
8900 4.99989
8900 4.99989
8900 5
8900 4.99989
8900 4.99989
8900 5
8900 5
8900 4.99989
8900 5
8900 4.99989
8900 5
8900 4.99989
8900 4.99989
8900 4.99989
8900 4.99989
8900 5
8900 4.99989
8900 5
8900 5
8900 5
8900 4.99989
8900 5
8900 4.99989
8900 5
8900 5
8900 5
8900 5
8900 4.99989
9000 5
9000 5
9000 4.99989
9000 4.99989
9000 4.99989
9000 4.99989
9000 5
9000 5
9000 5
9000 5
9000 5
9000 5
9000 5
9000 5
9000 5
9000 5
9000 4.99989
9000 4.99989
9000 5
9000 5
9000 5
9000 4.99989
9000 5
9000 4.99989
9000 5
9000 5
9000 5
9000 5
9000 5
9000 4.99989
9000 4.99989
9000 4.99989
9000 5
9000 5
9000 4.99989
9000 5
9000 5
9000 4.99989
9000 5
9000 5
9000 5
9000 4.99989
9000 5
9000 4.99989
9000 4.99989
9000 4.99989
9000 4.99989
9000 5
9000 5
9000 5
9100 5
9100 5
9100 4.99989
9100 5
9100 4.99989
9100 4.99989
9100 5
9100 5
9100 4.99989
9100 4.99989
9100 5
9100 4.99989
9100 4.99989
9100 4.99989
9100 5
9100 5
9100 4.99989
9100 5
9100 5
9100 5
9100 5
9100 5
9100 5
9100 5
9100 5
9100 4.99989
9100 5
9100 5
9100 4.99989
9100 5
9100 5
9100 4.99989
9100 4.99989
9100 4.99989
9100 4.99989
9100 5
9100 5
9100 5
9100 4.99989
9100 4.99989
9100 5
9100 4.99989
9100 4.99989
9100 5
9100 5
9100 4.99989
9100 5
9100 4.99989
9100 5
9100 5
9200 5
9200 5
9200 5
9200 4.99989
9200 5
9200 5
9200 4.99989
9200 4.99989
9200 5
9200 5
9200 5
9200 5
9200 5
9200 4.99989
9200 4.99989
9200 5
9200 5
9200 4.99989
9200 5
9200 4.99989
9200 4.99989
9200 5
9200 4.99989
9200 4.99989
9200 4.99989
9200 4.99989
9200 5
9200 4.99989
9200 5
9200 5
9200 5
9200 4.99989
9200 4.99989
9200 4.99989
9200 5
9200 5
9200 5
9200 5
9200 4.99989
9200 5
9200 5
9200 5
9200 5
9200 5
9200 4.99989
9200 5
9200 5
9200 5
9200 4.99989
9200 5
9300 5
9300 4.99989
9300 5
9300 4.99989
9300 4.99989
9300 5
9300 5
9300 5
9300 4.99989
9300 5
9300 5
9300 5
9300 5
9300 4.99989
9300 4.99989
9300 4.99989
9300 4.99989
9300 5
9300 4.99989
9300 5
9300 5
9300 5
9300 5
9300 4.99989
9300 4.99989
9300 4.99989
9300 5
9300 4.99989
9300 5
9300 5
9300 5
9300 5
9300 4.99989
9300 5
9300 4.99989
9300 5
9300 4.99989
9300 5
9300 4.99989
9300 5
9300 4.99989
9300 5
9300 4.99989
9300 4.99989
9300 5
9300 5
9300 5
9300 4.99989
9300 5
9300 4.99989
9400 4.99989
9400 5
9400 4.99989
9400 4.99989
9400 4.99989
9400 4.99989
9400 4.99989
9400 4.99989
9400 5
9400 5
9400 4.99989
9400 4.99989
9400 4.99989
9400 5
9400 4.99989
9400 5
9400 5
9400 5
9400 5
9400 4.99989
9400 5
9400 5
9400 4.99989
9400 5
9400 4.99989
9400 4.99989
9400 5
9400 5
9400 5
9400 4.99989
9400 5
9400 5
9400 5
9400 4.99989
9400 4.99989
9400 5
9400 4.99989
9400 5
9400 4.99989
9400 5
9400 5
9400 4.99989
9400 5
9400 5
9400 5
9400 4.99989
9400 4.99989
9400 4.99989
9400 5
9400 4.99989
9500 4.99989
9500 4.99989
9500 5
9500 5
9500 5
9500 4.99989
9500 5
9500 5
9500 4.99989
9500 4.99989
9500 5
9500 5
9500 5
9500 5
9500 5
9500 4.99989
9500 5
9500 5
9500 5
9500 4.99989
9500 4.99989
9500 5
9500 5
9500 4.99989
9500 4.99989
9500 5
9500 4.99989
9500 5
9500 4.99989
9500 5
9500 4.99989
9500 4.99989
9500 4.99989
9500 5
9500 5
9500 4.99989
9500 4.99989
9500 5
9500 5
9500 4.99989
9500 4.99989
9500 5
9500 4.99989
9500 5
9500 5
9500 4.99989
9500 4.99989
9500 5
9500 5
9500 5
9600 5
9600 4.9999
9600 5
9600 5
9600 5
9600 4.9999
9600 5
9600 5
9600 5
9600 5
9600 5
9600 4.9999
9600 4.9999
9600 4.9999
9600 5
9600 4.9999
9600 4.9999
9600 5
9600 4.9999
9600 4.9999
9600 4.9999
9600 4.9999
9600 5
9600 4.9999
9600 4.9999
9600 5
9600 4.9999
9600 5
9600 5
9600 5
9600 4.9999
9600 5
9600 4.9999
9600 5
9600 5
9600 5
9600 5
9600 4.9999
9600 4.9999
9600 4.9999
9600 4.9999
9600 5
9600 4.9999
9600 5
9600 5
9600 5
9600 4.9999
9600 5
9600 4.9999
9600 5
9700 5
9700 4.9999
9700 5
9700 4.9999
9700 4.9999
9700 5
9700 5
9700 5
9700 4.9999
9700 5
9700 5
9700 4.9999
9700 5
9700 5
9700 5
9700 5
9700 5
9700 5
9700 4.9999
9700 5
9700 4.9999
9700 5
9700 4.9999
9700 4.9999
9700 4.9999
9700 5
9700 5
9700 5
9700 4.9999
9700 4.9999
9700 5
9700 5
9700 4.9999
9700 5
9700 4.9999
9700 4.9999
9700 5
9700 4.9999
9700 5
9700 4.9999
9700 5
9700 5
9700 5
9700 4.9999
9700 4.9999
9700 5
9700 4.9999
9700 5
9700 4.9999
9700 5
9800 5
9800 5
9800 5
9800 4.9999
9800 5
9800 4.9999
9800 4.9999
9800 4.9999
9800 5
9800 4.9999
9800 4.9999
9800 4.9999
9800 4.9999
9800 4.9999
9800 5
9800 5
9800 5
9800 5
9800 4.9999
9800 4.9999
9800 4.9999
9800 5
9800 5
9800 5
9800 4.9999
9800 5
9800 4.9999
9800 5
9800 5
9800 5
9800 4.9999
9800 5
9800 5
9800 5
9800 5
9800 4.9999
9800 5
9800 5
9800 5
9800 4.9999
9800 5
9800 5
9800 4.9999
9800 4.9999
9800 5
9800 5
9800 4.9999
9800 4.9999
9800 5
9800 5
9900 4.9999
9900 5
9900 5
9900 5
9900 5
9900 4.9999
9900 5
9900 5
9900 4.9999
9900 4.9999
9900 4.9999
9900 5
9900 5
9900 5
9900 5
9900 4.9999
9900 5
9900 5
9900 5
9900 5
9900 4.9999
9900 5
9900 4.9999
9900 5
9900 4.9999
9900 5
9900 4.9999
9900 4.9999
9900 5
9900 4.9999
9900 5
9900 4.9999
9900 5
9900 5
9900 5
9900 4.9999
9900 5
9900 4.9999
9900 5
9900 4.9999
9900 4.9999
9900 4.9999
9900 5
9900 5
9900 4.9999
9900 4.9999
9900 5
9900 5
9900 4.9999
9900 5
10000 5
10000 5
10000 5
10000 5
10000 5
10000 5
10000 4.9999
10000 4.9999
10000 5
10000 5
10000 5
10000 5
10000 4.9999
10000 4.9999
10000 4.9999
10000 4.9999
10000 4.9999
10000 4.9999
10000 4.9999
10000 5
10000 5
10000 4.9999
10000 4.9999
10000 4.9999
10000 4.9999
10000 4.9999
10000 5
10000 4.9999
10000 5
10000 4.9999
10000 5
10000 4.9999
10000 4.9999
10000 4.9999
10000 4.9999
10000 4.9999
10000 4.9999
10000 5
10000 5
10000 4.9999
10000 5
10000 4.9999
10000 5
10000 5
10000 5
10000 4.9999
10000 4.9999
10000 5
10000 5
10000 5
