1000 1.998 2 15.985 2 500.5 1000 23.972 1175 258.211 1175 23.315
1000 1.998 2 15.985 2 500.5 1000 24.024 1795 260.366 1795 23.63
1000 1.998 2 15.985 2 500.5 1000 23.338 1131 254.162 1131 26.492
1000 1.998 2 15.985 2 500.5 1000 23.768 1289 257.294 1289 23.91
1000 1.998 2 15.985 2 500.5 1000 23.992 1659 260.485 1659 25.044
1000 1.998 2 15.985 2 500.5 1000 24.062 1237 259.095 1237 25.087
1000 1.998 2 15.985 2 500.5 1000 23.872 1333 258.788 1333 22.599
1000 1.998 2 15.985 2 500.5 1000 23.772 1143 256.984 1143 25.278
1000 1.998 2 15.985 2 500.5 1000 23.538 1085 256.121 1085 27.315
1000 1.998 2 15.985 2 500.5 1000 24.28 1927 262.381 1927 22.957
1000 1.998 2 15.985 2 500.5 1000 24.032 1337 260.498 1337 23.894
1000 1.998 2 15.985 2 500.5 1000 23.714 1249 258.678 1249 23.794
1000 1.998 2 15.985 2 500.5 1000 23.564 841 255.357 841 23.067
1000 1.998 2 15.985 2 500.5 1000 24.074 1979 261.347 1979 21.331
1000 1.998 2 15.985 2 500.5 1000 24.114 1957 260.041 1957 22.063
1000 1.998 2 15.985 2 500.5 1000 23.804 941 258.286 941 25.863
1000 1.998 2 15.985 2 500.5 1000 23.952 929 259.576 929 26.639
1000 1.998 2 15.985 2 500.5 1000 23.928 1477 259.299 1477 25.57
1000 1.998 2 15.985 2 500.5 1000 23.524 721 254.932 721 25.886
1000 1.998 2 15.985 2 500.5 1000 23.716 941 256.886 941 24.83
2000 1.999 2 15.9925 2 1000.5 2000 27.244 3121 297.176 3121 28.5105
2000 1.999 2 15.9925 2 1000.5 2000 27.282 2373 297.581 2373 28.3775
2000 1.999 2 15.9925 2 1000.5 2000 26.848 1611 292.658 1611 30.2715
2000 1.999 2 15.9925 2 1000.5 2000 27.053 1757 295.71 1757 30.417
2000 1.999 2 15.9925 2 1000.5 2000 27.002 1299 295.699 1299 30.2905
2000 1.999 2 15.9925 2 1000.5 2000 27.172 1945 296.104 1945 32.2975
2000 1.999 2 15.9925 2 1000.5 2000 27.604 3415 300.884 3415 35.28
2000 1.999 2 15.9925 2 1000.5 2000 26.963 1877 294.779 1877 28.9595
2000 1.999 2 15.9925 2 1000.5 2000 27.08 3273 295.627 3273 27.4575
2000 1.999 2 15.9925 2 1000.5 2000 27.221 1881 298.22 1881 32.5485
2000 1.999 2 15.9925 2 1000.5 2000 27.234 3523 297.341 3523 28.2815
2000 1.999 2 15.9925 2 1000.5 2000 27.258 1915 296.991 1915 28.879
2000 1.999 2 15.9925 2 1000.5 2000 27.093 2625 295.277 2625 27.1165
2000 1.999 2 15.9925 2 1000.5 2000 27.084 2493 295.152 2493 29.6775
2000 1.999 2 15.9925 2 1000.5 2000 27.217 2289 297.191 2289 29.2725
2000 1.999 2 15.9925 2 1000.5 2000 27.158 2021 297.178 2021 27.611
2000 1.999 2 15.9925 2 1000.5 2000 27.174 1607 297.111 1607 28.975
2000 1.999 2 15.9925 2 1000.5 2000 26.902 1701 293.351 1701 34.0765
2000 1.999 2 15.9925 2 1000.5 2000 27.142 2485 295.876 2485 31.2555
2000 1.999 2 15.9925 2 1000.5 2000 27.25 2089 297.463 2089 29.385
3000 1.99933 2 15.995 2 1500.5 3000 29.366 3793 321.775 3793 32.3817
3000 1.99933 2 15.995 2 1500.5 3000 29.2033 3155 319.779 3155 31.8733
3000 1.99933 2 15.995 2 1500.5 3000 29.1227 4719 318.709 4719 30.052
3000 1.99933 2 15.995 2 1500.5 3000 29.3873 3483 321.562 3483 29.3157
3000 1.99933 2 15.995 2 1500.5 3000 29.1293 3491 319.593 3491 30.993
3000 1.99933 2 15.995 2 1500.5 3000 29.144 4845 319.381 4845 32.678
3000 1.99933 2 15.995 2 1500.5 3000 28.9787 2975 318.112 2975 33.0713
3000 1.99933 2 15.995 2 1500.5 3000 29.148 4511 319.672 4511 30.604
3000 1.99933 2 15.995 2 1500.5 3000 29.2287 2441 319.424 2441 30.4473
3000 1.99933 2 15.995 2 1500.5 3000 29.108 4557 319.437 4557 31.2257
3000 1.99933 2 15.995 2 1500.5 3000 29.0767 1857 318.724 1857 32.3127
3000 1.99933 2 15.995 2 1500.5 3000 29.0527 2911 318.119 2911 30.323
3000 1.99933 2 15.995 2 1500.5 3000 29.088 4315 319.085 4315 30.4927
3000 1.99933 2 15.995 2 1500.5 3000 29.07 3293 318.285 3293 35.7333
3000 1.99933 2 15.995 2 1500.5 3000 29.1693 3379 319.732 3379 34.9367
3000 1.99933 2 15.995 2 1500.5 3000 29.0067 3273 318.815 3273 31.6863
3000 1.99933 2 15.995 2 1500.5 3000 29.004 3817 318.966 3817 28.1883
3000 1.99933 2 15.995 2 1500.5 3000 28.832 2681 316.753 2681 32.7613
3000 1.99933 2 15.995 2 1500.5 3000 29.0527 4715 317.822 4715 31.385
3000 1.99933 2 15.995 2 1500.5 3000 28.8907 2889 316.723 2889 31.395
4000 1.9995 2 15.9962 2 2000.5 4000 30.2975 3419 333.306 3419 41.3997
4000 1.9995 2 15.9962 2 2000.5 4000 30.619 7353 335.848 7353 35.092
4000 1.9995 2 15.9962 2 2000.5 4000 30.67 6223 336.497 6223 31.9158
4000 1.9995 2 15.9962 2 2000.5 4000 30.7495 3061 338.326 3061 31.0663
4000 1.9995 2 15.9962 2 2000.5 4000 30.5555 7265 336.107 7265 31.6383
4000 1.9995 2 15.9962 2 2000.5 4000 30.314 3629 333.921 3629 35.4805
4000 1.9995 2 15.9962 2 2000.5 4000 30.1785 3953 332.07 3953 34.1973
4000 1.9995 2 15.9962 2 2000.5 4000 30.623 7303 335.811 7303 33.5513
4000 1.9995 2 15.9962 2 2000.5 4000 30.2645 2391 332.604 2391 36.967
4000 1.9995 2 15.9962 2 2000.5 4000 30.52 4855 334.882 4855 32.5148
4000 1.9995 2 15.9962 2 2000.5 4000 30.759 5361 337.297 5361 29.6155
4000 1.9995 2 15.9962 2 2000.5 4000 30.537 3939 335.155 3939 39.922
4000 1.9995 2 15.9962 2 2000.5 4000 30.524 3161 335.271 3161 35.1158
4000 1.9995 2 15.9962 2 2000.5 4000 30.4365 4247 334.18 4247 34.487
4000 1.9995 2 15.9962 2 2000.5 4000 30.8235 7753 338.595 7753 30.41
4000 1.9995 2 15.9962 2 2000.5 4000 30.433 3593 334.197 3593 32.3033
4000 1.9995 2 15.9962 2 2000.5 4000 30.512 6949 335.802 6949 30.7805
4000 1.9995 2 15.9962 2 2000.5 4000 30.539 6149 335.487 6149 36.3175
4000 1.9995 2 15.9962 2 2000.5 4000 30.347 4197 333.565 4197 33.5568
4000 1.9995 2 15.9962 2 2000.5 4000 30.6385 5473 336.333 5473 33.5465
5000 1.9996 2 15.997 2 2500.5 5000 31.6892 6327 349.12 6327 35.66
5000 1.9996 2 15.997 2 2500.5 5000 31.4648 8347 346.411 8347 33.8972
5000 1.9996 2 15.997 2 2500.5 5000 31.588 8541 347.767 8541 34.8834
5000 1.9996 2 15.997 2 2500.5 5000 31.6304 8871 347.609 8871 35.5518
5000 1.9996 2 15.997 2 2500.5 5000 31.6472 4893 347.907 4893 40.2668
5000 1.9996 2 15.997 2 2500.5 5000 31.3568 4053 345.872 4053 36.7448
5000 1.9996 2 15.997 2 2500.5 5000 31.5036 4929 347.368 4929 36.4046
5000 1.9996 2 15.997 2 2500.5 5000 31.3816 2651 345.928 2651 37.8242
5000 1.9996 2 15.997 2 2500.5 5000 31.4752 4217 346.157 4217 35.4014
5000 1.9996 2 15.997 2 2500.5 5000 31.6816 7445 348.378 7445 31.3426
5000 1.9996 2 15.997 2 2500.5 5000 31.5112 3479 346.659 3479 34.963
5000 1.9996 2 15.997 2 2500.5 5000 31.4292 4533 345.659 4533 35.7378
5000 1.9996 2 15.997 2 2500.5 5000 31.5476 3969 347.698 3969 34.7886
5000 1.9996 2 15.997 2 2500.5 5000 31.7468 6201 349.555 6201 31.7972
5000 1.9996 2 15.997 2 2500.5 5000 31.39 5229 345.531 5229 34.2568
5000 1.9996 2 15.997 2 2500.5 5000 31.7832 8609 349.526 8609 32.509
5000 1.9996 2 15.997 2 2500.5 5000 31.4596 4357 346.634 4357 33.4556
5000 1.9996 2 15.997 2 2500.5 5000 31.5356 3301 347.228 3301 39.2366
5000 1.9996 2 15.997 2 2500.5 5000 31.6672 5125 348.229 5125 34.4752
5000 1.9996 2 15.997 2 2500.5 5000 31.5176 6059 347.239 6059 35.8024
6000 1.99967 2 15.9975 2 3000.5 6000 32.4787 7185 358.133 7185 34.9305
6000 1.99967 2 15.9975 2 3000.5 6000 32.6333 10901 359.474 10901 32.9547
6000 1.99967 2 15.9975 2 3000.5 6000 32.462 6971 357.449 6971 34.0628
6000 1.99967 2 15.9975 2 3000.5 6000 32.3607 6173 356.176 6173 37.9932
6000 1.99967 2 15.9975 2 3000.5 6000 32.3717 5477 356.422 5477 35.6582
6000 1.99967 2 15.9975 2 3000.5 6000 32.3767 4443 356.674 4443 38.8147
6000 1.99967 2 15.9975 2 3000.5 6000 32.487 8013 358.191 8013 38.158
6000 1.99967 2 15.9975 2 3000.5 6000 32.4797 6265 357.657 6265 34.3612
6000 1.99967 2 15.9975 2 3000.5 6000 32.196 5821 355.341 5821 36.2303
6000 1.99967 2 15.9975 2 3000.5 6000 32.4947 9805 357.915 9805 35.43
6000 1.99967 2 15.9975 2 3000.5 6000 32.5453 6121 358.584 6121 33.542
6000 1.99967 2 15.9975 2 3000.5 6000 32.3077 3151 356.437 3151 36.5425
6000 1.99967 2 15.9975 2 3000.5 6000 32.4367 8105 357.686 8105 34.5478
6000 1.99967 2 15.9975 2 3000.5 6000 32.541 3839 358.793 3839 37.6755
6000 1.99967 2 15.9975 2 3000.5 6000 32.494 4929 358.273 4929 37.1372
6000 1.99967 2 15.9975 2 3000.5 6000 32.56 7123 358.241 7123 34.3093
6000 1.99967 2 15.9975 2 3000.5 6000 32.2773 6015 355.862 6015 38.0143
6000 1.99967 2 15.9975 2 3000.5 6000 32.4327 5761 357.759 5761 34.9757
6000 1.99967 2 15.9975 2 3000.5 6000 32.6337 10749 358.799 10749 35.0415
6000 1.99967 2 15.9975 2 3000.5 6000 32.434 4687 357.386 4687 38.2007
7000 1.99971 2 15.9979 2 3500.5 7000 33.0314 10157 364.801 10157 40.241
7000 1.99971 2 15.9979 2 3500.5 7000 33.1749 12769 366.094 12769 36.8317
7000 1.99971 2 15.9979 2 3500.5 7000 33.054 8053 365.024 8053 38.023
7000 1.99971 2 15.9979 2 3500.5 7000 33.336 13753 367.752 13753 32.9836
7000 1.99971 2 15.9979 2 3500.5 7000 33.2583 11065 366.342 11065 36.0297
7000 1.99971 2 15.9979 2 3500.5 7000 33.1671 8765 366.201 8765 37.6744
7000 1.99971 2 15.9979 2 3500.5 7000 33.1254 9819 365.769 9819 37.7274
7000 1.99971 2 15.9979 2 3500.5 7000 33.1886 13393 366.045 13393 33.5186
7000 1.99971 2 15.9979 2 3500.5 7000 33.0191 5601 364.687 5601 40.332
7000 1.99971 2 15.9979 2 3500.5 7000 33.0997 7245 365.692 7245 36.8444
7000 1.99971 2 15.9979 2 3500.5 7000 33.2857 7961 367.415 7961 36.4896
7000 1.99971 2 15.9979 2 3500.5 7000 33.2091 4541 366.197 4541 35.1271
7000 1.99971 2 15.9979 2 3500.5 7000 33.2491 4891 367.118 4891 35.86
7000 1.99971 2 15.9979 2 3500.5 7000 33.2014 8367 366.015 8367 35.2761
7000 1.99971 2 15.9979 2 3500.5 7000 33.1263 5343 365.403 5343 35.5421
7000 1.99971 2 15.9979 2 3500.5 7000 33.1383 10093 366.102 10093 34.7324
7000 1.99971 2 15.9979 2 3500.5 7000 33.0917 5001 365.29 5001 34.2507
7000 1.99971 2 15.9979 2 3500.5 7000 33.3674 9201 368.054 9201 35.0133
7000 1.99971 2 15.9979 2 3500.5 7000 33.2643 10103 367.88 10103 35.4556
7000 1.99971 2 15.9979 2 3500.5 7000 33.4974 11341 369.463 11341 35.3796
8000 1.99975 2 15.9981 2 4000.5 8000 33.8487 9135 373.874 9135 37.9409
8000 1.99975 2 15.9981 2 4000.5 8000 33.734 5375 372.315 5375 37.4862
8000 1.99975 2 15.9981 2 4000.5 8000 33.7347 6171 372.892 6171 36.7866
8000 1.99975 2 15.9981 2 4000.5 8000 33.7215 3435 373.233 3435 41.4222
8000 1.99975 2 15.9981 2 4000.5 8000 33.873 11857 374.007 11857 40.0465
8000 1.99975 2 15.9981 2 4000.5 8000 33.7195 8069 372.286 8069 38.9841
8000 1.99975 2 15.9981 2 4000.5 8000 34.008 14419 375.308 14419 35.9447
8000 1.99975 2 15.9981 2 4000.5 8000 33.9165 11743 373.968 11743 35.3409
8000 1.99975 2 15.9981 2 4000.5 8000 33.8475 8733 373.805 8733 35.2622
8000 1.99975 2 15.9981 2 4000.5 8000 33.7267 7845 372.534 7845 37.621
8000 1.99975 2 15.9981 2 4000.5 8000 33.976 5479 375.368 5479 38.583
8000 1.99975 2 15.9981 2 4000.5 8000 33.9065 8361 374.625 8361 35.8562
8000 1.99975 2 15.9981 2 4000.5 8000 33.9007 13949 374.147 13949 36.7395
8000 1.99975 2 15.9981 2 4000.5 8000 33.657 10969 371.894 10969 36.4519
8000 1.99975 2 15.9981 2 4000.5 8000 33.7787 8197 373.236 8197 35.6695
8000 1.99975 2 15.9981 2 4000.5 8000 33.7677 8419 373.571 8419 37.017
8000 1.99975 2 15.9981 2 4000.5 8000 33.845 12765 373.828 12765 35.8527
8000 1.99975 2 15.9981 2 4000.5 8000 33.849 12897 373.791 12897 38.6865
8000 1.99975 2 15.9981 2 4000.5 8000 33.8862 10511 374.426 10511 38.5712
8000 1.99975 2 15.9981 2 4000.5 8000 33.83 6237 373.257 6237 39.3615
9000 1.99978 2 15.9983 2 4500.5 9000 34.3198 7051 379.982 7051 39.1106
9000 1.99978 2 15.9983 2 4500.5 9000 34.1002 8551 377.128 8551 40.1558
9000 1.99978 2 15.9983 2 4500.5 9000 34.3153 7963 378.916 7963 38.123
9000 1.99978 2 15.9983 2 4500.5 9000 34.284 5361 379.149 5361 41.1377
9000 1.99978 2 15.9983 2 4500.5 9000 34.2836 11789 379.509 11789 39.1528
9000 1.99978 2 15.9983 2 4500.5 9000 34.3189 10187 379.232 10187 37.6656
9000 1.99978 2 15.9983 2 4500.5 9000 34.5047 14349 381.19 14349 38.0712
9000 1.99978 2 15.9983 2 4500.5 9000 34.6193 16611 382.111 16611 34.7196
9000 1.99978 2 15.9983 2 4500.5 9000 34.4373 7999 380.443 7999 41.4119
9000 1.99978 2 15.9983 2 4500.5 9000 34.5189 8445 381.335 8445 35.728
9000 1.99978 2 15.9983 2 4500.5 9000 34.628 17861 382.125 17861 35.0761
9000 1.99978 2 15.9983 2 4500.5 9000 34.4764 10507 381.176 10507 39.9078
9000 1.99978 2 15.9983 2 4500.5 9000 34.2858 10283 379.112 10283 36.333
9000 1.99978 2 15.9983 2 4500.5 9000 34.3151 11225 379.468 11225 35.3413
9000 1.99978 2 15.9983 2 4500.5 9000 34.2876 7035 379.071 7035 37.523
9000 1.99978 2 15.9983 2 4500.5 9000 34.3204 6857 380.06 6857 39.1428
9000 1.99978 2 15.9983 2 4500.5 9000 34.5209 16339 381.324 16339 36.2704
9000 1.99978 2 15.9983 2 4500.5 9000 34.2907 7495 378.872 7495 44.2141
9000 1.99978 2 15.9983 2 4500.5 9000 34.2896 11469 378.803 11469 36.6899
9000 1.99978 2 15.9983 2 4500.5 9000 34.2911 7289 379.05 7289 38.793
10000 1.9998 2 15.9985 2 5000.5 10000 34.9176 12193 386.387 12193 38.2386
10000 1.9998 2 15.9985 2 5000.5 10000 35.0306 15975 387.444 15975 38.0907
10000 1.9998 2 15.9985 2 5000.5 10000 34.877 15543 385.603 15543 38.6218
10000 1.9998 2 15.9985 2 5000.5 10000 34.7804 9901 384.493 9901 38.0562
10000 1.9998 2 15.9985 2 5000.5 10000 34.8142 11739 385.406 11739 42.1835
10000 1.9998 2 15.9985 2 5000.5 10000 34.9338 12875 385.984 12875 38.7806
10000 1.9998 2 15.9985 2 5000.5 10000 34.7866 8917 384.919 8917 41.9909
10000 1.9998 2 15.9985 2 5000.5 10000 34.9884 11825 387.237 11825 37.2578
10000 1.9998 2 15.9985 2 5000.5 10000 34.8506 11919 385.69 11919 44.624
10000 1.9998 2 15.9985 2 5000.5 10000 34.8348 11639 385.222 11639 44.5413
10000 1.9998 2 15.9985 2 5000.5 10000 34.974 18151 386.88 18151 45.5441
10000 1.9998 2 15.9985 2 5000.5 10000 34.8638 6363 385.582 6363 39.3516
10000 1.9998 2 15.9985 2 5000.5 10000 35.0352 10851 386.969 10851 36.7602
10000 1.9998 2 15.9985 2 5000.5 10000 35.047 18165 387.504 18165 37.45
10000 1.9998 2 15.9985 2 5000.5 10000 34.744 14723 384.181 14723 41.8736
10000 1.9998 2 15.9985 2 5000.5 10000 34.9522 19531 386.951 19531 34.681
10000 1.9998 2 15.9985 2 5000.5 10000 34.9842 11027 386.943 11027 38.8329
10000 1.9998 2 15.9985 2 5000.5 10000 34.7248 8833 384.594 8833 39.6391
10000 1.9998 2 15.9985 2 5000.5 10000 34.8852 9523 386.19 9523 39.4927
10000 1.9998 2 15.9985 2 5000.5 10000 34.873 17321 385.92 17321 38.4601
