1000 12.435 26 195.086 26 19.887 24 21.044 49 237.387 49 20.936
1000 12.418 28 194.835 28 19.59 28 21.118 61 238.581 61 20.593
1000 12.486 27 196.039 27 19.908 24 20.924 45 237.432 45 21.154
1000 12.487 26 196.031 26 20.001 27 21.182 55 238.788 55 20.971
1000 12.447 28 195.424 28 19.619 22 21.226 57 240.042 57 20.823
1000 12.416 27 195.147 27 19.416 25 21.202 55 238.203 55 20.905
1000 12.426 25 195.053 25 19.992 24 21.034 53 237.162 53 20.067
1000 12.442 28 195.352 28 19.641 23 20.958 61 235.622 61 21.166
1000 12.425 25 195.232 25 19.792 25 20.784 51 234.95 51 20.537
1000 12.339 26 193.785 26 19.708 27 21.21 49 238.994 49 20.748
1000 12.41 25 194.862 25 19.663 28 21.414 57 242.265 57 21.149
1000 12.389 25 194.638 25 19.657 24 21.358 49 242.318 49 20.539
1000 12.334 26 193.221 26 19.846 24 20.888 53 235.854 53 20.969
1000 12.478 24 196.09 24 19.595 24 20.856 53 235.802 53 20.752
1000 12.461 27 195.607 27 19.671 24 20.65 53 233.301 53 20.486
1000 12.415 27 194.94 27 19.062 24 20.972 51 237.876 51 20.835
1000 12.403 26 194.665 26 19.969 24 21.386 53 241.67 53 21.147
1000 12.366 25 193.994 25 20.101 25 21.238 59 240.396 59 20.797
1000 12.416 25 194.963 25 19.459 22 20.976 55 235.783 55 20.815
1000 12.391 26 194.499 26 19.476 24 21.024 51 237.49 51 21.112
2000 13.852 28 219.983 28 22.763 29 24.206 55 273.487 55 24.171
2000 13.7635 30 218.509 30 22.96 33 24.291 59 275.415 59 24.479
2000 13.9165 27 220.944 27 22.6575 26 24.046 59 272.712 59 24.301
2000 13.805 29 219.159 29 22.422 29 24.128 57 274.144 57 24.423
2000 13.897 29 220.565 29 22.428 30 24.239 63 275.03 63 24.5325
2000 13.894 29 220.51 29 22.386 31 24.283 59 275.29 59 24.0585
2000 13.87 31 220.203 31 22.417 26 24.459 59 277.408 59 24.533
2000 13.825 29 219.352 29 23.0685 25 24.034 71 273.049 71 24.3085
2000 13.922 29 221.086 29 22.4975 25 24.187 55 273.692 55 24.237
2000 13.895 30 220.684 30 22.688 28 24.315 59 276.048 59 24.029
2000 13.8095 32 219.144 32 22.832 27 24.162 57 273.855 57 24.0165
2000 13.892 30 220.55 30 22.409 28 24.28 69 274.363 69 24.1405
2000 13.8715 31 220.486 31 22.5115 24 24.19 59 273.92 59 24.007
2000 13.898 32 220.744 32 22.5755 24 24.068 63 272.827 63 24.12
2000 13.938 28 221.378 28 22.3415 28 24.223 71 274.028 71 24.1695
2000 13.855 30 219.896 30 22.713 25 24.1 71 274.013 71 24.0585
2000 13.8865 29 220.376 29 22.1805 24 24.212 59 274.95 59 23.9295
2000 13.842 31 219.769 31 22.28 27 24.226 57 273.761 57 24.33
2000 13.7655 29 218.313 29 23.059 34 24.445 61 276.699 61 24.2195
2000 13.8505 27 219.843 27 22.3365 26 24.291 63 275.402 63 24.111
3000 14.6913 30 234.477 30 24.3297 28 26.058 61 295.892 61 26.1737
3000 14.67 32 234.148 32 24.418 31 25.9733 75 294.898 75 26.0647
3000 14.7187 31 234.958 31 24.3997 29 26.1407 75 296.721 75 26.0773
3000 14.7173 33 234.946 33 24.2243 26 26.2087 67 297.287 67 26.4287
3000 14.646 36 233.73 36 24.255 25 26.1573 65 297.599 65 26.1997
3000 14.677 33 234.344 33 24.3423 28 25.988 69 294.949 69 26.101
3000 14.724 31 235 31 24.0453 29 26.0967 65 296.092 65 25.9037
3000 14.6423 35 233.564 35 24.7887 29 26.0667 65 296.366 65 26.2633
3000 14.7927 31 236.068 31 24.529 32 26.2393 59 297.108 59 26.6833
3000 14.6957 32 234.521 32 24.4723 27 26.0553 63 296.228 63 26.2007
3000 14.6553 33 233.748 33 24.262 29 25.9133 61 294.19 61 26.2213
3000 14.7007 33 234.549 33 24.0997 30 25.9653 65 294.279 65 26.1377
3000 14.654 31 233.768 31 24.3463 28 26.086 63 296.135 63 26.1707
3000 14.6913 29 234.549 29 24.182 30 26.1333 61 296.348 61 25.891
3000 14.7053 31 234.643 31 23.9107 26 26.216 59 296.853 59 25.8273
3000 14.7913 30 236.084 30 24.5727 31 26.0273 67 296.636 67 25.8337
3000 14.649 30 233.623 30 24.743 24 25.934 63 295.296 63 25.9497
3000 14.7333 35 235.334 35 24.1093 32 25.9993 67 294.779 67 26.122
3000 14.671 31 234.202 31 24.1043 31 26.094 65 295.899 65 25.7173
3000 14.6657 36 233.875 36 24.4343 28 25.8547 67 294.15 67 26.3867
4000 15.314 34 245.413 34 25.3528 28 27.3565 69 311.119 69 27.7745
4000 15.2948 31 245.063 31 25.3288 31 27.322 71 310.428 71 27.9285
4000 15.293 29 244.894 29 25.235 31 27.4575 65 311.491 65 27.064
4000 15.3628 31 246.181 31 25.399 26 27.5415 75 314.063 75 27.491
4000 15.2948 33 244.991 33 25.5933 26 27.353 71 311.457 71 27.423
4000 15.2818 31 244.701 31 25.6298 26 27.3985 81 311.595 81 27.483
4000 15.3008 33 245.151 33 25.4765 31 27.3065 63 310.457 63 27.8105
4000 15.3455 34 245.821 34 25.792 27 27.233 65 309.196 65 27.824
4000 15.2205 34 243.674 34 25.7255 31 27.3975 71 311.39 71 27.5165
4000 15.3573 31 246.03 31 25.3943 32 27.3245 61 310.934 61 27.6223
4000 15.2675 32 244.555 32 25.5818 29 27.3585 77 310.882 77 27.582
4000 15.3 31 245.06 31 25.456 29 27.4175 69 311.714 69 27.9198
4000 15.3173 31 245.367 31 25.631 32 27.405 71 311.684 71 27.7903
4000 15.301 31 245.118 31 25.3448 31 27.3925 65 311.454 65 27.588
4000 15.3333 33 245.615 33 25.1085 29 27.4165 73 312.208 73 27.4625
4000 15.3295 32 245.593 32 25.1903 28 27.2005 69 308.729 69 27.7868
4000 15.237 35 243.863 35 25.7153 31 27.367 61 311.234 61 27.0878
4000 15.2598 32 244.415 32 25.9928 34 27.4965 63 312.09 63 27.5298
4000 15.3045 32 245.11 32 25.2695 30 27.337 67 311.135 67 28.0078
4000 15.353 30 246.103 30 25.017 29 27.513 65 312.754 65 27.605
5000 15.7766 35 253.379 35 26.4734 31 28.5032 77 324.507 77 28.9124
5000 15.7572 34 253.046 34 26.7032 28 28.4484 69 324.003 69 28.5392
5000 15.819 35 254.068 35 26.3096 30 28.4028 69 323.284 69 28.6782
5000 15.752 32 252.953 32 26.6058 29 28.3876 67 322.906 67 28.6498
5000 15.813 38 253.868 38 26.509 30 28.466 69 323.623 69 28.5752
5000 15.8028 36 253.805 36 26.4772 30 28.244 67 322.491 67 28.6984
5000 15.8074 35 253.795 35 26.5606 32 28.3884 63 323.367 63 28.5494
5000 15.776 33 253.3 33 26.459 32 28.318 69 323.14 69 28.971
5000 15.795 34 253.705 34 26.4594 30 28.392 75 323.023 75 28.633
5000 15.7408 35 252.783 35 26.594 34 28.334 63 322.565 63 29.0902
5000 15.7308 33 252.54 33 26.5376 28 28.502 69 324.05 69 28.6566
5000 15.782 32 253.346 32 26.7058 35 28.442 77 323.439 77 28.9258
5000 15.8034 33 253.831 33 26.7066 31 28.3376 69 322.592 69 28.7384
5000 15.7678 34 253.216 34 26.8498 33 28.5504 73 325.027 73 28.5114
5000 15.7494 33 252.758 33 26.5982 38 28.3508 65 322.419 65 28.6218
5000 15.7626 33 253.117 33 26.3548 31 28.4252 67 323.846 67 28.3122
5000 15.799 33 253.805 33 26.6058 30 28.3216 75 321.904 75 28.8148
5000 15.7356 34 252.595 34 26.7892 27 28.3996 71 323.716 71 28.7138
5000 15.7808 38 253.382 38 26.432 31 28.446 69 323.216 69 28.55
5000 15.8064 32 253.888 32 26.5104 34 28.5028 71 324.551 71 28.4046
6000 16.1297 35 259.457 35 27.5558 31 29.2433 75 333.668 75 29.4995
6000 16.1582 35 259.946 35 27.6488 31 29.207 69 333.314 69 29.6473
6000 16.151 34 259.806 34 27.1095 30 29.17 69 331.891 69 29.405
6000 16.1607 34 260.013 34 27.5353 28 29.2517 67 333.369 67 29.3867
6000 16.1825 34 260.324 34 27.258 30 29.152 69 331.583 69 29.7383
6000 16.1942 35 260.622 35 27.0498 28 29.185 67 332.409 67 29.4338
6000 16.1332 34 259.616 34 27.1498 35 29.1613 73 332.636 73 29.5505
6000 16.1998 36 260.712 36 27.4035 35 29.181 71 332.21 71 29.6728
6000 16.1483 34 259.824 34 27.6605 30 29.0397 71 331.692 71 29.2552
6000 16.1178 34 259.329 34 27.3803 36 29.2517 75 332.778 75 29.4537
6000 16.2175 31 261.053 31 27.064 32 29.3033 71 334.195 71 29.5328
6000 16.161 35 260.087 35 26.821 32 29.181 67 332.849 67 29.5587
6000 16.072 34 258.579 34 27.388 32 29.2493 69 333.158 69 29.39
6000 16.1362 32 259.714 32 27.2342 34 29.1817 71 332.715 71 29.9158
6000 16.142 39 259.727 39 27.4603 30 29.353 75 334.245 75 29.7988
6000 16.1542 34 260.001 34 27.1582 29 29.3097 77 333.795 77 29.3183
6000 16.1685 41 260.064 41 27.2198 34 29.3447 65 333.787 65 29.6232
6000 16.1362 32 259.597 32 26.7837 30 29.3283 69 333.879 69 29.8807
6000 16.1167 37 259.232 37 27.6055 34 29.327 71 333.984 71 30.0012
6000 16.1482 32 259.906 32 27.0892 31 29.304 67 333.651 67 29.9047
7000 16.5127 36 266.133 36 27.9933 35 29.8137 81 340.166 81 30.4091
7000 16.495 33 265.933 33 28.152 34 29.9154 71 340.834 71 30.3111
7000 16.444 35 264.935 35 27.9826 33 29.85 77 340.542 77 30.7616
7000 16.496 33 265.909 33 28.1203 31 29.9071 85 341.072 85 30.5114
7000 16.5227 34 266.28 34 28.1653 36 30.0006 79 341.355 79 30.3559
7000 16.4307 32 264.786 32 28.1866 33 30.0114 75 341.843 75 30.2514
7000 16.4844 34 265.666 34 27.888 30 29.982 77 341.64 77 30.5896
7000 16.4989 35 265.937 35 27.9751 34 29.9263 69 341.395 69 30.3231
7000 16.5061 34 265.98 34 28.4471 35 29.9637 71 341.408 71 30.8337
7000 16.4647 34 265.321 34 28.1849 34 29.9846 73 342.114 73 30.1369
7000 16.4713 33 265.486 33 27.9063 33 30.0503 71 342.176 71 30.995
7000 16.503 35 266.036 35 27.8081 29 30.0643 75 342.62 75 30.4954
7000 16.4584 35 265.214 35 28.0559 34 30.0011 81 342.619 81 30.4647
7000 16.4423 36 264.938 36 28.1479 36 29.886 73 340.783 73 30.3056
7000 16.4499 33 265.136 33 27.9094 31 29.8677 73 340.421 73 30.3574
7000 16.4186 33 264.609 33 27.805 33 29.8363 73 340.672 73 30.0871
7000 16.525 35 266.41 35 27.9593 32 30.0923 67 341.998 67 30.3931
7000 16.4454 36 265.048 36 27.9441 31 30.0263 79 342.278 79 30.2479
7000 16.4691 38 265.538 38 27.9596 33 30.0186 73 342.605 73 30.1277
7000 16.4361 33 264.895 33 28.0877 31 30.096 75 343.245 75 30.034
8000 16.7813 36 270.798 36 28.4355 30 30.5717 75 348.743 75 30.9334
8000 16.7733 35 270.693 35 28.3825 31 30.5332 77 347.7 77 31.1517
8000 16.7511 35 270.299 35 28.5884 32 30.6492 77 349.255 77 31.2241
8000 16.7551 38 270.402 38 28.8505 33 30.6482 73 349.503 73 31.1362
8000 16.7644 38 270.542 38 28.6958 34 30.5062 71 347.971 71 30.9091
8000 16.7486 37 270.276 37 28.387 29 30.5607 77 348.477 77 30.9982
8000 16.7748 33 270.749 33 28.6134 34 30.5772 71 348.529 71 30.7772
8000 16.7835 34 270.855 34 28.5553 31 30.4787 81 347.757 81 31.061
8000 16.746 36 270.308 36 28.562 33 30.5312 73 348.192 73 30.8711
8000 16.7193 33 269.79 33 28.2906 32 30.4265 69 347.333 69 31.0166
8000 16.7719 35 270.673 35 28.3578 33 30.6057 71 349.119 71 31.0362
8000 16.7799 34 270.758 34 28.7204 34 30.6345 73 349.562 73 31.2634
8000 16.7169 37 269.682 37 29.0824 34 30.4845 71 348.03 71 31.1309
8000 16.7405 36 270.158 36 28.5929 39 30.3545 71 346.264 71 30.6574
8000 16.7349 39 270.009 39 28.4833 36 30.5287 73 348.382 73 30.7731
8000 16.7118 34 269.66 34 28.4561 35 30.5152 81 348.817 81 31.0724
8000 16.7443 36 270.206 36 28.2401 29 30.5737 71 348.681 71 30.7185
8000 16.7918 38 271.035 38 28.428 34 30.5692 79 348.191 79 30.9655
8000 16.7683 37 270.582 37 28.8344 33 30.6805 85 349.592 85 31.1142
8000 16.7424 38 270.214 38 28.6956 37 30.591 75 349.003 75 31.0774
9000 16.9919 37 274.482 37 28.9592 31 31.118 73 355.269 73 31.1317
9000 16.9973 37 274.656 37 29.0569 33 30.9222 81 353.366 81 31.6421
9000 16.974 36 274.204 36 28.9932 33 31.0522 81 354.071 81 31.483
9000 17.0128 37 274.924 37 29.0162 34 31.1822 83 356.145 83 31.5458
9000 17.0017 36 274.709 36 29.4259 34 31.1653 77 355.464 77 31.641
9000 16.9969 35 274.476 35 29.0197 31 31.0978 71 354.86 71 31.4102
9000 16.9922 36 274.501 36 29.0479 35 31.1369 79 355.065 79 31.7384
9000 16.9852 35 274.422 35 29.0768 35 31.144 71 355.054 71 31.5266
9000 17.0437 37 275.274 37 29.289 30 31.1429 81 355.364 81 31.6404
9000 17.0107 36 274.91 36 29.0907 33 31.1862 79 355.533 79 31.6548
9000 16.9752 36 274.161 36 28.9916 36 31.1722 83 355.224 83 31.5063
9000 17.0183 38 275 38 29.2998 35 31.188 83 355.585 83 31.6178
9000 17.0314 33 275.315 33 28.6904 34 30.9889 77 354.269 77 31.6862
9000 16.9936 35 274.519 35 29.2714 33 31.002 83 353.864 83 31.5779
9000 17.0198 34 274.975 34 29.2259 32 31.1373 71 354.963 71 31.5174
9000 16.9993 35 274.618 35 28.9291 30 31.1556 73 355.732 73 31.4568
9000 17.0138 37 274.895 37 29.0201 36 31.2431 75 356.246 75 31.6234
9000 16.9891 37 274.451 37 29.0573 33 31.0867 79 354.335 79 31.5473
9000 16.9778 35 274.198 35 28.9718 31 31.0022 77 353.653 77 31.6416
9000 17.0442 35 275.445 35 28.9531 35 31.0322 75 353.964 75 31.8136
10000 17.2758 35 279.409 35 29.5887 34 31.6622 79 361.326 79 31.8037
10000 17.2013 38 278.174 38 29.3293 36 31.718 87 361.382 87 31.9173
10000 17.21 37 278.365 37 29.3796 33 31.5526 79 360.124 79 32.3867
10000 17.2384 40 278.752 40 29.6006 33 31.5088 77 359.212 77 32.3077
10000 17.2277 36 278.57 36 29.3272 33 31.6348 77 361.349 77 31.8673
10000 17.2476 34 279.031 34 29.5283 34 31.733 71 361.63 71 32.344
10000 17.2329 37 278.683 37 29.4161 32 31.6804 83 361.191 83 31.9034
10000 17.257 35 279.047 35 29.5584 36 31.6226 81 361.267 81 32.2583
10000 17.236 35 278.782 35 29.531 31 31.5562 79 360.196 79 31.8433
10000 17.2102 42 278.297 42 29.6568 32 31.5602 77 359.838 77 31.7607
10000 17.245 38 278.941 38 29.4852 37 31.6604 77 361.103 77 32.1408
10000 17.2477 38 278.969 38 29.6006 35 31.5724 73 360.587 73 31.9096
10000 17.2442 39 278.914 39 29.8683 32 31.658 73 361.06 73 32.0167
10000 17.1879 34 277.963 34 29.6152 34 31.4794 81 360.115 81 32.3472
10000 17.2267 38 278.629 38 29.4723 32 31.506 75 359.642 75 32.2974
10000 17.2483 37 278.967 37 29.571 34 31.5324 71 360.061 71 32.0979
10000 17.1957 37 278.089 37 29.69 39 31.6058 81 360.411 81 32.1924
10000 17.2843 37 279.55 37 29.4501 34 31.6478 77 361.524 77 32.3601
10000 17.2754 36 279.455 36 29.3385 34 31.6472 79 360.722 79 32.2758
10000 17.2601 38 279.082 38 29.7418 34 31.6224 77 360.506 77 32.5101
